0.6286808894230769
0.6553485576923077
0.66015625
0.6558743990384616
0.6544471153846154
0.6626352163461539
0.6640625
0.6598557692307693
0.6630108173076923
0.6602313701923077
0.6678936298076923
0.6659405048076923
0.6648888221153846
0.6639122596153846
0.6580528846153846
0.6666165865384616
0.6629356971153846
0.6574519230769231
0.6638371394230769
0.6583533653846154
0.662109375
0.6631610576923077
0.6624849759615384
0.662109375
0.6583533653846154
0.6538461538461539
0.6627854567307693
0.6585036057692307
0.6665414663461539
0.6568509615384616
0.6615084134615384
0.6623347355769231
0.6644381009615384
0.6651141826923077
0.6567758413461539
0.6639122596153846
0.6681941105769231
0.6622596153846154
0.6626352163461539
0.6631610576923077
0.6627854567307693
0.6586538461538461
0.6621844951923077
0.6603064903846154
0.6633112980769231
0.6624098557692307
0.6736027644230769
0.6702974759615384
0.6675180288461539
0.6618088942307693
0.6624098557692307
0.6554987980769231
0.6591045673076923
0.6606069711538461
0.6636117788461539
0.6592548076923077
0.6667668269230769
0.6609074519230769
0.6591045673076923
0.6657902644230769
0.6610576923076923
0.6663161057692307
0.6683443509615384
0.6691706730769231
0.6611328125
0.6677433894230769
0.6646634615384616
0.6580528846153846
0.6603816105769231
0.6633112980769231
0.6662409855769231
0.6675180288461539
0.6585036057692307
0.6682692307692307
0.6646634615384616
0.6654897836538461
0.6606069711538461
0.6583533653846154
0.6653395432692307
0.6672175480769231
0.6641376201923077
0.6594050480769231
0.6661658653846154
0.6648137019230769
0.6625600961538461
0.6675180288461539
0.6686448317307693
0.6625600961538461
0.6662409855769231
0.6610576923076923
0.6702974759615384
0.6682692307692307
0.6739032451923077
0.6692457932692307
0.6663912259615384
0.6714242788461539
0.6656400240384616
0.6603064903846154
0.6705228365384616
0.6687950721153846
0.6648888221153846
0.6592548076923077
0.6634615384615384
0.6642127403846154
0.6684194711538461
0.6703725961538461
0.6639873798076923
0.6661658653846154
0.6705228365384616
0.6701472355769231
0.6630859375
0.6654146634615384
0.6657902644230769
0.6750300480769231
0.6688701923076923
0.6689453125
0.6713491586538461
0.6624849759615384
0.6629356971153846
0.6648888221153846
0.6692457932692307
0.6684945913461539
0.6755558894230769
0.6693209134615384
0.6635366586538461
0.6639122596153846
0.6682692307692307
0.6708233173076923
0.6721754807692307
0.6708233173076923
0.6708984375
0.6717998798076923
0.6753305288461539
0.6670673076923077
0.6613581730769231
0.6688701923076923
0.6647385817307693
0.6674429086538461
0.6666917067307693
0.6707481971153846
0.6658653846153846
0.6614332932692307
0.6678936298076923
0.6675180288461539
0.6648888221153846
0.6710486778846154
0.6663912259615384
0.6630859375
0.6657902644230769
0.6721003605769231
0.6669170673076923
0.6617337740384616
0.6667668269230769
0.6627103365384616
0.6728515625
0.6746544471153846
0.6774338942307693
0.6693209134615384
0.6739032451923077
0.6747295673076923
0.6719501201923077
0.6710486778846154
0.6755558894230769
0.6639122596153846
0.6706730769230769
0.6725510817307693
0.6708233173076923
0.6711237980769231
0.6753305288461539
0.6731520432692307
0.6773587740384616
0.6735276442307693
0.6734525240384616
0.6734525240384616
0.6737530048076923
0.6689453125
0.6693960336538461
0.6688701923076923
0.6708984375
0.6705979567307693
0.6708984375
0.6715745192307693
0.6731520432692307
0.6724008413461539
0.6690204326923077
0.6680438701923077
0.6760066105769231
0.6657151442307693
0.6760066105769231
0.6769080528846154
0.6677433894230769
0.6729266826923077
0.6737530048076923
0.673828125
0.6754056490384616
0.6784855769230769
0.6737530048076923
0.6748798076923077
0.6799879807692307
0.6751802884615384
0.6799879807692307
0.6709735576923077
0.6704477163461539
0.6678185096153846
0.6760066105769231
0.6767578125
0.6659405048076923
0.6702223557692307
0.6707481971153846
0.6734525240384616
0.6766826923076923
0.6761568509615384
0.6755558894230769
0.6708984375
0.673828125
0.6705979567307693
0.6690204326923077
0.6706730769230769
0.6712740384615384
0.6726262019230769
0.6723257211538461
0.67578125
0.6797626201923077
0.6727764423076923
0.6712740384615384
0.6747295673076923
0.6735276442307693
0.6762319711538461
0.6799879807692307
0.6693960336538461
0.6745793269230769
0.6784855769230769
0.6762319711538461
0.6754807692307693
0.6734525240384616
0.6760817307692307
0.6791616586538461
0.6766075721153846
0.6773587740384616
0.6754807692307693
0.6752554086538461
0.6722506009615384
0.6684945913461539
0.6737530048076923
0.6732271634615384
0.6756310096153846
0.6762319711538461
0.6826171875
0.6771334134615384
0.6766826923076923
0.6775090144230769
0.6750300480769231
0.6815655048076923
0.6751802884615384
0.6748798076923077
0.6721754807692307
0.6784104567307693
0.6714242788461539
0.6748046875
0.6742788461538461
0.6786358173076923
0.6793118990384616
0.6783353365384616
0.6775090144230769
0.6794621394230769
0.6715745192307693
0.6850961538461539
0.6745042067307693
0.6863731971153846
0.6817908653846154
0.6795372596153846
0.6817157451923077
0.6742788461538461
0.6719501201923077
0.6791616586538461
0.6783353365384616
0.6786358173076923
0.6781850961538461
0.6747295673076923
0.6733774038461539
0.6840444711538461
0.6775841346153846
0.6841947115384616
0.6803635817307693
0.6754807692307693
0.6800631009615384
0.6776592548076923
0.6737530048076923
0.6793118990384616
0.6796123798076923
0.6761568509615384
0.6771334134615384
0.6715745192307693
0.6796875
0.6796123798076923
0.6788611778846154
0.6747295673076923
0.6822415865384616
0.673828125
0.6752554086538461
0.6742788461538461
0.6728515625
0.6805889423076923
0.6811899038461539
0.6801382211538461
0.6799879807692307
0.6798377403846154
0.677734375
0.6798377403846154
0.6792367788461539
0.6830679086538461
0.6802884615384616
0.6799128605769231
0.6873497596153846
0.6893780048076923
0.6838191105769231
0.6814152644230769
0.6845703125
0.6851712740384616
0.6832181490384616
0.6875
0.6787860576923077
0.6824669471153846
0.6853215144230769
0.6838942307692307
0.6796123798076923
0.6798377403846154
0.6790865384615384
0.6798377403846154
0.6881009615384616
0.6784855769230769
0.6832181490384616
0.6886268028846154
0.6876502403846154
0.6810396634615384
0.6814903846153846
0.6836688701923077
0.6838942307692307
0.6860727163461539
0.6823918269230769
0.6811899038461539
0.6817157451923077
0.6742788461538461
0.6858473557692307
0.685546875
0.6820162259615384
0.6853215144230769
0.6852463942307693
0.6788611778846154
0.6790865384615384
0.6714993990384616
0.6757061298076923
0.6807391826923077
0.6799128605769231
0.6798377403846154
0.6791616586538461
0.6838191105769231
0.6893028846153846
0.6895282451923077
0.6887019230769231
0.6862229567307693
0.685546875
0.6869741586538461
0.6847205528846154
0.6865234375
0.6844200721153846
0.6754807692307693
0.6805889423076923
0.6811147836538461
0.6877253605769231
0.6812650240384616
0.6856219951923077
0.6832932692307693
0.6860727163461539
0.6878004807692307
0.6898287259615384
0.6908052884615384
0.6879507211538461
0.6850210336538461
0.6886268028846154
0.6883263221153846
0.6823167067307693
0.6781099759615384
0.6848707932692307
0.6845703125
0.6823918269230769
0.6899789663461539
0.6845703125
0.6923076923076923
0.6924579326923077
0.6859224759615384
0.6823167067307693
0.6915564903846154
0.6859224759615384
0.6923076923076923
0.6872746394230769
0.6829176682692307
0.6838942307692307
0.6891526442307693
0.6942608173076923
0.6819411057692307
0.689453125
0.6809645432692307
0.6871243990384616
0.6911057692307693
0.6826923076923077
0.6848707932692307
0.6850210336538461
0.6905048076923077
0.6926832932692307
0.6950871394230769
0.6875
0.6892277644230769
0.6908052884615384
0.6899038461538461
0.6885516826923077
0.6875751201923077
0.6946364182692307
0.6892277644230769
0.6890024038461539
0.6970402644230769
0.6973407451923077
0.6857722355769231
0.6884765625
0.6917067307692307
0.6879507211538461
0.6832932692307693
0.6859224759615384
0.6868990384615384
0.6895282451923077
0.6968149038461539
0.6881009615384616
0.6917818509615384
0.6893028846153846
0.6976412259615384
0.7018479567307693
0.6950871394230769
0.6923828125
0.6945612980769231
0.6932091346153846
0.6934344951923077
0.6847956730769231
0.6868239182692307
0.6902794471153846
0.6907301682692307
0.6919320913461539
0.7005709134615384
0.6898287259615384
0.6896033653846154
0.6893780048076923
0.6925330528846154
0.6904296875
0.6897536057692307
0.6935847355769231
0.6886268028846154
0.6858473557692307
0.6856219951923077
0.6921574519230769
0.6918569711538461
0.6882512019230769
0.6923828125
0.6968149038461539
0.6947866586538461
0.6955378605769231
0.6966646634615384
0.6978665865384616
0.6943359375
0.69140625
0.6923828125
0.6878004807692307
0.6896784855769231
0.689453125
0.6917818509615384
0.6941105769230769
0.6888521634615384
0.697265625
0.6939603365384616
0.6893780048076923
0.6922325721153846
0.6943359375
0.6906550480769231
0.6957632211538461
0.7002704326923077
0.6930588942307693
0.6964393028846154
0.6951622596153846
0.6974909855769231
0.6961388221153846
0.6987680288461539
0.6930588942307693
0.6981670673076923
0.6992938701923077
0.6984675480769231
0.7014723557692307
0.6942608173076923
0.6916316105769231
0.6966646634615384
0.6920072115384616
0.69140625
0.6979417067307693
0.6962139423076923
0.7015474759615384
0.7013221153846154
0.6990685096153846
0.6961388221153846
0.6921574519230769
0.6971153846153846
0.6960637019230769
0.6964393028846154
0.6979417067307693
0.6953876201923077
0.6939603365384616
0.7005709134615384
0.7032001201923077
0.6973407451923077
0.6954627403846154
0.7032001201923077
0.7002704326923077
0.6960637019230769
0.6968900240384616
0.6941856971153846
0.6941105769230769
0.6907301682692307
0.6964393028846154
0.7000450721153846
0.7022235576923077
0.7028996394230769
0.7051532451923077
0.7051532451923077
0.7030498798076923
0.7019230769230769
0.6964393028846154
0.6967397836538461
0.6896784855769231
0.6951622596153846
0.6927584134615384
0.6916316105769231
0.6982421875
0.7028245192307693
0.6986177884615384
0.7017728365384616
0.7035006009615384
0.7010967548076923
0.6965895432692307
0.6911057692307693
0.7032001201923077
0.7008713942307693
0.6995943509615384
0.6976412259615384
0.6953125
0.7007211538461539
0.7025240384615384
0.6985426682692307
0.697265625
0.6977914663461539
0.6989182692307693
0.6998948317307693
0.7090594951923077
0.6926832932692307
0.7006460336538461
0.7049278846153846
0.7001953125
0.7046274038461539
0.7008713942307693
0.7026742788461539
0.7043269230769231
0.7017728365384616
0.6969651442307693
0.7032752403846154
0.7007211538461539
0.7085336538461539
0.7006460336538461
0.7038762019230769
0.7071063701923077
0.701171875
0.7068810096153846
0.7080829326923077
0.7125901442307693
0.7056790865384616
0.7053786057692307
0.7055288461538461
0.7029747596153846
0.7053786057692307
0.7078575721153846
0.7018479567307693
0.7025991586538461
0.7019981971153846
0.7025991586538461
0.7051532451923077
0.7032752403846154
0.7009465144230769
0.7016225961538461
0.7022235576923077
0.7053786057692307
0.7086838942307693
0.7036508413461539
0.7045522836538461
0.7030498798076923
0.7056790865384616
0.7080078125
0.7081580528846154
0.7164963942307693
0.7131159855769231
0.7024489182692307
0.7074068509615384
0.7055288461538461
0.7156700721153846
0.7112379807692307
0.7072566105769231
0.7062800480769231
0.7065054086538461
0.7028245192307693
0.7050030048076923
0.708984375
0.7062049278846154
0.7088341346153846
0.7044771634615384
0.7080829326923077
0.7119140625
0.7113131009615384
0.7071063701923077
0.7083082932692307
0.7081580528846154
0.7080829326923077
0.7045522836538461
0.7071814903846154
0.7052283653846154
0.7090594951923077
0.7077073317307693
0.7036508413461539
0.7062049278846154
0.7074068509615384
0.7152193509615384
0.7106370192307693
0.7132662259615384
0.7118389423076923
0.7083082932692307
0.7046274038461539
0.7107121394230769
0.7120643028846154
0.7049278846153846
0.7111628605769231
0.7083082932692307
0.7086838942307693
0.7113882211538461
0.7126652644230769
0.7083834134615384
0.7109375
0.7067307692307693
0.7122896634615384
0.7101862980769231
0.7109375
0.716796875
0.7220552884615384
0.7149188701923077
0.7113131009615384
0.7151442307692307
0.70703125
0.7158954326923077
0.7061298076923077
0.7071063701923077
0.7137920673076923
0.7112379807692307
0.7145432692307693
0.7079326923076923
0.7100360576923077
0.7084585336538461
0.7087590144230769
0.7109375
0.7117638221153846
0.7068810096153846
0.7047776442307693
0.7077073317307693
0.7121394230769231
0.7167217548076923
0.7125901442307693
0.7204026442307693
0.7125150240384616
0.7183743990384616
0.7119140625
0.7127403846153846
0.7171724759615384
0.7099609375
0.7163461538461539
0.7170222355769231
0.7198768028846154
0.7185997596153846
0.7130408653846154
0.7190504807692307
0.7161959134615384
0.7213792067307693
0.7230318509615384
0.7180739182692307
0.7219050480769231
0.7179236778846154
0.7131911057692307
0.7158203125
0.7173227163461539
0.7180739182692307
0.7150691105769231
0.7140174278846154
0.7151442307692307
0.7140174278846154
0.7152193509615384
0.7206280048076923
0.720703125
0.7225060096153846
0.7163461538461539
0.7204026442307693
0.7245342548076923
0.7181490384615384
0.7116135817307693
0.7212289663461539
0.7214543269230769
0.72265625
0.7225811298076923
0.7220552884615384
0.7210036057692307
0.7192758413461539
0.7219801682692307
0.7239332932692307
0.7271634615384616
0.7268629807692307
0.7205528846153846
0.7195012019230769
0.7171724759615384
0.7225811298076923
0.7229567307692307
0.7273888221153846
0.7282902644230769
0.7265625
0.7243840144230769
0.71875
0.7277644230769231
0.7275390625
0.7309945913461539
0.7216045673076923
0.7228064903846154
0.7303936298076923
0.7258864182692307
0.724609375
0.7305438701923077
0.7321213942307693
0.7317457932692307
0.7278395432692307
0.7309194711538461
0.7264122596153846
0.7288912259615384
0.7319711538461539
0.7297926682692307
0.7279146634615384
0.7323467548076923
0.7295673076923077
0.7285907451923077
0.7307692307692307
0.7382061298076923
0.7319711538461539
0.7305438701923077
0.7291917067307693
0.7313701923076923
0.7230318509615384
0.732421875
0.7328725961538461
0.7278395432692307
0.7317457932692307
0.7309194711538461
0.7317457932692307
0.7392578125
0.7349759615384616
0.7337740384615384
0.7337740384615384
0.7321965144230769
0.7332481971153846
0.7372295673076923
0.7369290865384616
0.7388070913461539
0.7346754807692307
0.7339242788461539
0.7351262019230769
0.7352013221153846
0.7376051682692307
0.7380558894230769
0.7312950721153846
0.7367788461538461
0.7395582932692307
0.7362530048076923
0.7355769230769231
0.7373046875
0.7351262019230769
0.7396334134615384
0.7418118990384616
0.7430138221153846
0.7428635817307693
0.7439903846153846
0.7453425480769231
0.7476712740384616
0.7491736778846154
0.7444411057692307
0.7418870192307693
0.7404597355769231
0.7464693509615384
0.7524789663461539
0.7439903846153846
0.7536808894230769
0.7479717548076923
0.7512770432692307
0.7479717548076923
0.7551081730769231
0.7506760817307693
0.7486478365384616
0.7550330528846154
0.7543569711538461
0.7564603365384616
0.748046875
0.7593900240384616
0.7602163461538461
0.7668269230769231
0.7616436298076923
0.7608173076923077
0.7625450721153846
0.7654747596153846
0.7642728365384616
0.7650991586538461
0.759765625
0.7590144230769231
0.7590144230769231
0.7629957932692307
0.7629206730769231
0.7702073317307693
0.7705078125
0.7703575721153846
0.7704326923076923
0.7675030048076923
0.7707331730769231
0.7724609375
0.7756159855769231
0.775390625
0.7753155048076923
0.7758413461538461
0.7776442307692307
0.7821514423076923
0.78125
0.7838792067307693
0.7864332932692307
0.7898137019230769
0.7850060096153846
0.7858323317307693
0.7903395432692307
0.7878605769230769
0.7855318509615384
0.7903395432692307
0.7913912259615384
0.7924429086538461
0.7887620192307693
0.7908653846153846
0.7913161057692307
0.7953725961538461
0.7966496394230769
0.7940204326923077
0.794921875
0.7992788461538461
0.7916165865384616
0.7927433894230769
0.7946213942307693
0.7950721153846154
0.7985276442307693
0.8040865384615384
0.8082932692307693
0.8033353365384616
0.7978515625
0.8028846153846154
0.8023587740384616
0.8059645432692307
0.8095703125
0.8131760817307693
0.8109975961538461
0.8108473557692307
0.8092698317307693
0.8090444711538461
0.8083683894230769
0.8149789663461539
0.8146033653846154
0.8168569711538461
0.8138521634615384
0.814453125
0.8111478365384616
0.8125
0.8103215144230769
0.8114483173076923
0.8132512019230769
0.8127253605769231
0.8137770432692307
0.8191856971153846
0.8158052884615384
0.8173076923076923
0.8181340144230769
0.8197115384615384
0.8205378605769231
0.8239182692307693
0.8240685096153846
0.8308293269230769
0.8330078125
0.8298527644230769
0.8340594951923077
0.8334585336538461
0.8306039663461539
0.8335336538461539
0.8385667067307693
0.8354867788461539
0.8340594951923077
0.8350360576923077
0.8353365384615384
0.8381911057692307
0.8405949519230769
0.8335336538461539
0.8346604567307693
0.8381911057692307
0.8363131009615384
0.8410456730769231
0.8448016826923077
0.8441256009615384
0.8460787259615384
0.8480318509615384
0.8520132211538461
0.8486328125
0.8469050480769231
0.8465294471153846
0.8482572115384616
0.8435246394230769
0.8442007211538461
0.8498347355769231
0.8456280048076923
0.8508864182692307
0.8543419471153846
0.8508864182692307
0.8532902644230769
0.8448016826923077
0.8457782451923077
0.8526893028846154
0.8521634615384616
0.8463792067307693
0.8488581730769231
0.8505108173076923
0.8501352163461539
0.8535907451923077
0.8565204326923077
0.8552433894230769
0.8573467548076923
0.8558443509615384
0.857421875
0.8574969951923077
0.8596754807692307
0.8564453125
0.8547926682692307
0.8583233173076923
0.8611778846153846
0.8618539663461539
0.8596754807692307
0.8629807692307693
0.8657602163461539
0.8664362980769231
0.8623798076923077
0.8655348557692307
0.8678635817307693
0.8681640625
0.8686899038461539
0.8701171875
0.8706430288461539
0.8706430288461539
0.8731971153846154
0.8734975961538461
0.8725210336538461
0.8712439903846154
0.8739483173076923
0.8770282451923077
0.8759765625
0.8717698317307693
0.8734224759615384
0.8786057692307693
0.8774789663461539
0.8746243990384616
0.8770282451923077
0.8787560096153846
0.8756760817307693
0.8787560096153846
0.8765775240384616
0.8764272836538461
0.8822115384615384
0.8816856971153846
0.8810096153846154
0.8804086538461539
0.8798076923076923
0.8780048076923077
0.8824368990384616
0.8813100961538461
0.8780048076923077
0.8807091346153846
0.8803335336538461
0.8849909855769231
0.8858924278846154
0.8841646634615384
