0.8841646634615384
0.8844651442307693
0.8822866586538461
0.8842397836538461
0.880859375
0.8842397836538461
0.8851412259615384
0.8819861778846154
0.8816856971153846
0.8834885817307693
0.8836388221153846
0.8840144230769231
0.8853665865384616
0.8876953125
0.8881460336538461
0.8902493990384616
0.8910006009615384
0.8878455528846154
0.8888221153846154
0.8909254807692307
0.8912259615384616
0.8923527644230769
0.8941556490384616
0.8928786057692307
0.8909254807692307
0.8909254807692307
0.8895733173076923
0.8870192307692307
0.8871694711538461
0.8876953125
0.8882962740384616
0.8875450721153846
0.8871694711538461
0.8851412259615384
0.8812349759615384
0.8849909855769231
0.8837890625
0.8861177884615384
0.8809344951923077
0.8850661057692307
0.8852914663461539
0.8885216346153846
0.8885967548076923
0.8853665865384616
0.884765625
0.8855919471153846
0.8888221153846154
0.8882211538461539
0.8912259615384616
0.8888972355769231
0.8873948317307693
0.8858173076923077
0.8903245192307693
0.8927283653846154
0.8949068509615384
0.8919771634615384
0.8895733173076923
0.888671875
0.8858173076923077
0.8884465144230769
0.8879206730769231
0.8936298076923077
0.8957331730769231
0.8970853365384616
0.896484375
0.8956580528846154
0.8970853365384616
0.8958082932692307
0.8967848557692307
0.8961087740384616
0.8985126201923077
0.8965594951923077
0.8926532451923077
0.8926532451923077
0.896484375
0.8939302884615384
0.8913762019230769
0.8914513221153846
0.8946814903846154
0.8943058894230769
0.8916766826923077
0.8933293269230769
0.8939302884615384
0.8940805288461539
0.8964092548076923
0.8930288461538461
0.8965594951923077
0.8961838942307693
0.8941556490384616
0.8953575721153846
0.8970102163461539
0.8962590144230769
0.8960336538461539
0.8946814903846154
0.8985877403846154
0.9005408653846154
0.8990384615384616
0.9015925480769231
0.9040715144230769
0.9009164663461539
0.8994891826923077
0.9041466346153846
0.8994891826923077
0.900390625
0.9018930288461539
0.8999399038461539
0.8997145432692307
0.9027944711538461
0.9001652644230769
0.9002403846153846
0.9019681490384616
0.9033203125
0.9030198317307693
0.9010667067307693
0.9000901442307693
0.8995643028846154
0.9028695913461539
0.9013671875
0.9043719951923077
0.9046724759615384
0.9046724759615384
0.9047475961538461
0.9029447115384616
0.9070012019230769
0.9046724759615384
0.9061748798076923
0.9085036057692307
0.9045222355769231
0.9046724759615384
0.9067758413461539
0.9047475961538461
0.9045222355769231
0.9059495192307693
0.904296875
0.9043719951923077
0.9057992788461539
0.9082782451923077
0.9033954326923077
0.9045973557692307
0.9080528846153846
0.9048978365384616
0.9050480769230769
0.9056490384615384
0.9054987980769231
0.9054987980769231
0.9072265625
0.9039963942307693
0.9042217548076923
0.9056490384615384
0.9074519230769231
0.9061748798076923
0.9103816105769231
0.9075270432692307
0.9040715144230769
0.9045973557692307
0.9089543269230769
0.9067007211538461
0.9033203125
0.9048978365384616
0.9100060096153846
0.9088040865384616
0.9084284855769231
0.91015625
0.9112830528846154
0.9127854567307693
0.9097055288461539
0.9107572115384616
0.9091045673076923
0.9129356971153846
0.9110576923076923
0.9090294471153846
0.9165414663461539
0.9127103365384616
0.9139873798076923
0.916015625
0.9104567307692307
0.9145132211538461
0.9117337740384616
0.9130859375
0.9184945913461539
0.9150390625
0.9167668269230769
0.9164663461538461
0.9188701923076923
0.9141376201923077
0.9185697115384616
0.9138371394230769
0.9193209134615384
0.9197716346153846
0.9187199519230769
0.9174429086538461
0.9184945913461539
0.9170673076923077
0.9187950721153846
0.9173677884615384
0.9165414663461539
0.9159405048076923
0.9143629807692307
0.9148137019230769
0.9109825721153846
0.9118840144230769
0.9144381009615384
0.9154897836538461
0.9143629807692307
0.9127103365384616
0.9146634615384616
0.9147385817307693
0.9149639423076923
0.916015625
0.9157151442307693
0.9153395432692307
0.9163912259615384
0.9120342548076923
0.9144381009615384
0.9141376201923077
0.9154897836538461
0.9153395432692307
0.9146634615384616
0.9188701923076923
0.9168419471153846
0.9184194711538461
0.9158653846153846
0.9152644230769231
0.9158653846153846
0.9192457932692307
0.9219501201923077
0.9195462740384616
0.9215745192307693
0.9187950721153846
0.9158653846153846
0.9194711538461539
0.9180438701923077
0.9145883413461539
0.916015625
0.9173677884615384
0.9187199519230769
0.9190204326923077
0.9184194711538461
0.9189453125
0.9159405048076923
0.9182692307692307
0.9130108173076923
0.9135366586538461
0.9178185096153846
0.9191706730769231
0.9166165865384616
0.9172926682692307
0.9181941105769231
0.9212740384615384
0.9149639423076923
0.9152644230769231
0.9149639423076923
0.9169921875
0.9163912259615384
0.9182692307692307
0.919921875
0.9187950721153846
0.9166917067307693
0.9201472355769231
0.9221754807692307
0.9217998798076923
0.9220252403846154
0.9221003605769231
0.9221754807692307
0.9200721153846154
0.91796875
0.9190955528846154
0.9198467548076923
0.9208984375
0.9178936298076923
0.9151141826923077
0.9174429086538461
0.919921875
0.9208984375
0.9173677884615384
0.9197716346153846
0.9178185096153846
0.916015625
0.9175931490384616
0.9154897836538461
0.9191706730769231
0.9193209134615384
0.9196965144230769
0.9178936298076923
0.9169170673076923
0.9210486778846154
0.9199969951923077
0.9188701923076923
0.9189453125
0.9186448317307693
0.9228515625
0.9194711538461539
0.9192457932692307
0.9172926682692307
0.9154897836538461
0.9225510817307693
0.9244290865384616
0.9240534855769231
0.9202223557692307
0.9178185096153846
0.9216496394230769
0.9207481971153846
0.9245042067307693
0.9230769230769231
0.9214993990384616
0.9196965144230769
0.9194711538461539
0.9214993990384616
0.9172175480769231
0.9224008413461539
0.9215745192307693
0.9207481971153846
0.9176682692307693
0.9219501201923077
0.9202223557692307
0.9204477163461539
0.9244290865384616
0.9216496394230769
0.9199969951923077
0.9189453125
0.9181189903846154
0.9211989182692307
0.9244290865384616
0.9190204326923077
0.9184945913461539
0.9211989182692307
0.9208984375
0.9222506009615384
0.9206730769230769
0.9236027644230769
0.9197716346153846
0.9205979567307693
0.9209735576923077
0.9224008413461539
0.9178185096153846
0.9183443509615384
0.9181189903846154
0.9206730769230769
0.9158653846153846
0.9157151442307693
0.9203725961538461
0.91796875
0.9216496394230769
0.9224759615384616
0.9208984375
0.9215745192307693
0.9206730769230769
0.9211237980769231
0.9193209134615384
0.9230018028846154
0.9231520432692307
0.9230018028846154
0.9254807692307693
0.9234525240384616
0.921875
0.921875
0.9194711538461539
0.9225510817307693
0.9239032451923077
0.9275841346153846
0.9236778846153846
0.9193209134615384
0.9216496394230769
0.9163912259615384
0.9202974759615384
0.9154146634615384
0.9199969951923077
0.9215745192307693
0.9233774038461539
0.9221003605769231
0.9237530048076923
0.9251802884615384
0.9249549278846154
0.9247295673076923
0.9285606971153846
0.9293118990384616
0.927734375
0.9241286057692307
0.9241286057692307
0.9260066105769231
0.9230769230769231
0.9223257211538461
0.921875
0.9230769230769231
0.9241286057692307
0.9229266826923077
0.9249549278846154
0.9239032451923077
0.9269831730769231
0.92578125
0.9253305288461539
0.9202974759615384
0.9217998798076923
0.9228515625
0.9242788461538461
0.9273587740384616
0.9197716346153846
0.9211237980769231
0.9216496394230769
0.9226262019230769
0.9278846153846154
0.9258563701923077
0.9266826923076923
0.9228515625
0.9253305288461539
0.9249549278846154
0.9243539663461539
0.9236778846153846
0.9249549278846154
0.9213491586538461
0.9203725961538461
0.9207481971153846
0.9204477163461539
0.9152644230769231
0.9189453125
0.9184194711538461
0.9178185096153846
0.9208233173076923
0.9174429086538461
0.9197716346153846
0.9222506009615384
0.9181189903846154
0.9176682692307693
0.9150390625
0.9151893028846154
0.9187199519230769
0.9156400240384616
0.9207481971153846
0.9191706730769231
0.9166917067307693
0.9207481971153846
0.9212740384615384
0.9192457932692307
0.9178936298076923
0.91796875
0.9210486778846154
0.9161658653846154
0.9169921875
0.9115084134615384
0.9151893028846154
0.9130859375
0.9165414663461539
0.9208984375
0.9155649038461539
0.9170673076923077
0.9168419471153846
0.9163912259615384
0.9129356971153846
0.9110576923076923
0.9134615384615384
0.9153395432692307
0.9141376201923077
0.9145132211538461
0.9111328125
0.9094050480769231
0.9093299278846154
0.9106069711538461
0.9106820913461539
0.9030949519230769
0.9070012019230769
0.9047475961538461
0.9038461538461539
0.9097055288461539
0.9063251201923077
0.9099308894230769
0.9115084134615384
0.9100811298076923
0.9097806490384616
0.9094801682692307
0.9035456730769231
0.9064753605769231
0.9029447115384616
0.9016676682692307
0.9076021634615384
0.9092548076923077
0.9084284855769231
0.908203125
0.9045973557692307
0.9037710336538461
0.9035456730769231
0.8999399038461539
0.9018930288461539
0.9022686298076923
0.9047475961538461
0.9002403846153846
0.9010667067307693
0.9007662259615384
0.9022686298076923
0.9053485576923077
0.9045973557692307
0.9005408653846154
0.9036207932692307
0.8995643028846154
0.8991135817307693
0.9051983173076923
0.8991135817307693
0.9009164663461539
0.8956580528846154
0.8973106971153846
0.8988882211538461
0.8950570913461539
0.9022686298076923
0.8988131009615384
0.8988131009615384
0.8976111778846154
0.8968599759615384
0.9021183894230769
0.9012920673076923
0.8975360576923077
0.8947566105769231
0.8958834134615384
0.8939302884615384
0.8943058894230769
0.8972355769230769
0.8917518028846154
0.8922776442307693
0.8970102163461539
0.8995643028846154
0.8988131009615384
0.9005408653846154
0.9005408653846154
0.9006911057692307
0.8987379807692307
0.8981370192307693
0.8994891826923077
0.8991135817307693
0.8993389423076923
0.9006159855769231
0.8953575721153846
0.8961087740384616
0.8970102163461539
0.9006911057692307
0.8922025240384616
0.8925030048076923
0.8894230769230769
0.8921274038461539
0.8911508413461539
0.8918269230769231
0.8929537259615384
0.8989633413461539
0.8993389423076923
0.8955078125
0.8934795673076923
0.8897235576923077
0.8874699519230769
0.8911508413461539
0.8877704326923077
0.8857421875
0.8870943509615384
0.8885216346153846
0.8876953125
0.8891225961538461
0.8888972355769231
0.8939302884615384
0.8903996394230769
0.8881460336538461
0.8889723557692307
0.8870943509615384
0.8928034855769231
0.8920522836538461
0.8956580528846154
0.8955829326923077
0.8975360576923077
0.8927283653846154
0.8913762019230769
0.8913010817307693
0.8908503605769231
0.8900991586538461
0.8926532451923077
0.8882211538461539
0.8879957932692307
0.8890474759615384
0.8850661057692307
0.8882962740384616
0.8850661057692307
0.8868689903846154
0.8812349759615384
0.8815354567307693
0.8768028846153846
0.8793569711538461
0.8816105769230769
0.8839393028846154
0.8862680288461539
0.884765625
0.8876201923076923
0.8849909855769231
0.8816856971153846
0.8820612980769231
0.8858173076923077
0.8813852163461539
0.8831129807692307
0.8810096153846154
0.8803335336538461
0.8719200721153846
0.8798828125
0.8768028846153846
0.8738731971153846
0.8759765625
0.8762770432692307
0.8731219951923077
0.8800330528846154
0.8770282451923077
0.8758263221153846
0.8781550480769231
0.8783804086538461
0.8804086538461539
0.8804086538461539
0.8763521634615384
0.8768028846153846
0.8746995192307693
0.8765024038461539
0.8719200721153846
0.8738731971153846
0.8757512019230769
0.8734975961538461
0.8715444711538461
0.8697415865384616
0.8624549278846154
0.8701171875
0.8724459134615384
0.8661358173076923
0.8670372596153846
0.8671123798076923
0.8668870192307693
0.8650090144230769
0.8626051682692307
0.8619290865384616
0.8647836538461539
0.8655348557692307
0.8592247596153846
0.8632061298076923
0.8596003605769231
0.8605769230769231
0.8616286057692307
0.8570462740384616
0.8632061298076923
0.8657602163461539
0.8560697115384616
0.8531400240384616
0.8544921875
0.857421875
0.8580228365384616
0.8532151442307693
0.8537409855769231
0.8568209134615384
0.8493088942307693
0.8450270432692307
0.8514122596153846
0.8520883413461539
0.8499098557692307
0.8506610576923077
0.8488581730769231
0.845703125
0.8504356971153846
0.8469050480769231
0.8441256009615384
0.8425480769230769
0.8390174278846154
0.8352614182692307
0.8365384615384616
0.8323317307692307
0.8360126201923077
0.8336838942307693
0.8408954326923077
0.8306790865384616
0.8333082932692307
0.8312800480769231
0.8359375
0.8273737980769231
0.8233173076923077
0.8215144230769231
0.8209885817307693
0.8136268028846154
0.8211388221153846
0.8186598557692307
0.8191856971153846
0.8114483173076923
0.8072415865384616
0.8035606971153846
0.8025090144230769
0.8052133413461539
0.7931189903846154
0.7919170673076923
0.7885366586538461
0.7886117788461539
0.7880108173076923
0.7828275240384616
0.7816256009615384
0.7807241586538461
0.7853064903846154
0.7794471153846154
0.7780949519230769
0.7741887019230769
0.7765925480769231
0.7710336538461539
0.7732121394230769
0.7678786057692307
0.7701322115384616
0.765625
0.7578876201923077
0.7573617788461539
0.7570612980769231
0.7529296875
0.74609375
0.7494741586538461
0.7499248798076923
0.7503756009615384
0.7436899038461539
0.7468449519230769
0.7409855769230769
0.7485727163461539
0.7428635817307693
0.7437650240384616
0.7370793269230769
0.7359525240384616
0.7312950721153846
0.7242337740384616
0.7263371394230769
0.7314453125
0.7228064903846154
0.7205528846153846
0.7216045673076923
0.7116135817307693
0.7229567307692307
0.7258112980769231
0.7146183894230769
0.7113882211538461
0.7206280048076923
0.7196514423076923
0.7179987980769231
0.7189002403846154
0.7144681490384616
0.7086838942307693
0.7005709134615384
0.7004206730769231
0.7007211538461539
0.7001953125
0.6939603365384616
0.6977914663461539
0.6902043269230769
0.6905799278846154
0.6781099759615384
0.6831430288461539
0.6801382211538461
0.6839693509615384
0.6804387019230769
0.6757061298076923
0.6765324519230769
0.6811899038461539
0.6773587740384616
0.6772836538461539
0.6844200721153846
0.6750300480769231
0.6712740384615384
0.6800631009615384
0.6750300480769231
0.6780348557692307
0.67578125
0.6796875
0.6749549278846154
0.6800631009615384
0.6727013221153846
0.6762319711538461
0.6757061298076923
0.6731520432692307
0.6790114182692307
0.6785606971153846
0.6766075721153846
0.6754807692307693
0.6696213942307693
0.6721003605769231
0.6754056490384616
0.6740534855769231
0.6783353365384616
0.6729266826923077
0.673828125
0.6751051682692307
0.6717247596153846
0.6817157451923077
0.669921875
0.6714242788461539
0.6701472355769231
0.6755558894230769
0.6740534855769231
0.6727013221153846
0.6759314903846154
0.6733022836538461
0.6798377403846154
0.6730018028846154
0.6732271634615384
0.6768329326923077
0.6781099759615384
0.6699969951923077
0.6767578125
0.6722506009615384
0.6797626201923077
0.673828125
0.6719501201923077
0.6747295673076923
0.6775090144230769
0.6730018028846154
0.6720252403846154
0.6742037259615384
0.6771334134615384
0.6710486778846154
0.6700721153846154
0.6629356971153846
0.6681941105769231
0.6633112980769231
0.6724759615384616
0.6740534855769231
0.6698467548076923
0.6724759615384616
0.6667668269230769
0.6639873798076923
0.6665414663461539
0.6780348557692307
0.6745042067307693
0.6702974759615384
0.6748798076923077
0.6760817307692307
0.6710486778846154
0.6739783653846154
0.6633112980769231
0.6709735576923077
0.6690955528846154
0.6725510817307693
0.66796875
0.6697716346153846
0.6683443509615384
0.6741286057692307
0.6668419471153846
0.6618088942307693
0.6646634615384616
0.6763070913461539
0.6735276442307693
0.6722506009615384
0.6667668269230769
0.6675931490384616
0.6696213942307693
0.6672926682692307
0.6671424278846154
0.6743539663461539
0.6686448317307693
0.6739783653846154
0.6714242788461539
0.6648137019230769
0.6705979567307693
0.6736027644230769
0.6692457932692307
0.6694711538461539
0.6737530048076923
0.6702223557692307
0.6688701923076923
0.6771334134615384
0.6727764423076923
0.6733022836538461
0.6769831730769231
0.6697716346153846
0.6712740384615384
0.6572265625
0.6686448317307693
0.6640625
0.6712740384615384
0.6700721153846154
0.6619591346153846
0.6660907451923077
0.6657902644230769
0.6642127403846154
0.6690204326923077
0.6701472355769231
0.6723257211538461
0.6663912259615384
0.6727013221153846
0.6753305288461539
0.6686448317307693
0.6630108173076923
0.6701472355769231
0.6619591346153846
0.6635366586538461
0.6711237980769231
0.6727013221153846
0.6674429086538461
0.6705979567307693
0.6643629807692307
0.6700721153846154
0.6663912259615384
0.6606820913461539
0.6684194711538461
0.6546724759615384
0.6598557692307693
0.6669921875
0.6624849759615384
0.6597055288461539
0.6684194711538461
0.6676682692307693
0.6615835336538461
0.6685697115384616
0.6711237980769231
0.6656400240384616
0.6648888221153846
0.6690955528846154
0.6633864182692307
0.6739783653846154
0.6636868990384616
0.6630108173076923
0.6619591346153846
0.6642878605769231
0.6700721153846154
0.6664663461538461
0.6626352163461539
0.6635366586538461
0.6670673076923077
0.6594801682692307
0.6620342548076923
0.6617337740384616
0.6642878605769231
0.6686448317307693
0.6706730769230769
0.6660907451923077
0.6590294471153846
0.6630108173076923
0.6694711538461539
0.6688701923076923
0.669921875
0.6756310096153846
0.6665414663461539
0.6650390625
0.6664663461538461
0.6639873798076923
0.6639873798076923
0.6669170673076923
0.6706730769230769
0.6635366586538461
0.6681941105769231
0.6668419471153846
0.6678936298076923
0.6625600961538461
0.6652644230769231
0.6609074519230769
0.666015625
0.6633112980769231
0.6648888221153846
0.6702974759615384
0.6641376201923077
0.6580528846153846
0.6636117788461539
0.6673677884615384
0.6696213942307693
0.6669170673076923
0.6627103365384616
0.6640625
0.6631610576923077
0.6709735576923077
0.6633112980769231
0.666015625
0.6566256009615384
0.6668419471153846
0.6678185096153846
0.6666917067307693
0.6654897836538461
0.6662409855769231
0.6572265625
0.6602313701923077
0.6576772836538461
0.6612079326923077
0.658203125
0.6669170673076923
0.6586538461538461
0.6644381009615384
0.6570012019230769
0.6652644230769231
0.6637620192307693
0.6547475961538461
0.6645883413461539
0.6696213942307693
0.6603816105769231
0.6602313701923077
0.6526442307692307
0.6611328125
0.6611328125
0.6588792067307693
0.6550480769230769
0.6628605769230769
0.6666165865384616
0.6606069711538461
0.6626352163461539
0.6640625
0.6569260817307693
0.6606820913461539
0.6645883413461539
0.6630108173076923
0.6668419471153846
0.6578275240384616
0.6676682692307693
0.6579777644230769
0.6569260817307693
0.6638371394230769
0.6689453125
0.6615084134615384
0.6690204326923077
