0.8412109375
0.8412109375
0.8412109375
0.841015625
0.841015625
0.841015625
0.841015625
0.8412109375
0.84140625
0.84140625
0.84140625
0.84140625
0.84140625
0.84140625
0.84140625
0.84140625
0.84140625
0.84140625
0.84140625
0.84140625
0.84140625
0.84140625
0.84140625
0.84140625
0.8416015625
0.8416015625
0.8416015625
0.841796875
0.8416015625
0.8416015625
0.841796875
0.841796875
0.841796875
0.841796875
0.841796875
0.841796875
0.84140625
0.84140625
0.8412109375
0.8412109375
0.841015625
0.841015625
0.841015625
0.841015625
0.841015625
0.841015625
0.841015625
0.841015625
0.841015625
0.841015625
0.841015625
0.841015625
0.841015625
0.841015625
0.841015625
0.841015625
0.841015625
0.841015625
0.841015625
0.841015625
0.841015625
0.841015625
0.841015625
0.8412109375
0.8412109375
0.841015625
0.841015625
0.841015625
0.841015625
0.841015625
0.841015625
0.8408203125
0.8408203125
0.8408203125
0.8408203125
0.8408203125
0.8408203125
0.8408203125
0.8408203125
0.8408203125
0.8408203125
0.840625
0.840625
0.840625
0.840625
0.840625
0.840625
0.8408203125
0.8408203125
0.841015625
0.8412109375
0.8412109375
0.84140625
0.8416015625
0.8416015625
0.8416015625
0.84140625
0.8412109375
0.8412109375
0.841015625
0.841015625
0.8412109375
0.8412109375
0.84140625
0.84140625
0.8412109375
0.84140625
0.84140625
0.84140625
0.8412109375
0.841015625
0.841015625
0.841015625
0.841015625
0.841015625
0.841015625
0.841015625
0.841015625
0.841015625
0.8412109375
0.841015625
0.841015625
0.8412109375
0.8412109375
0.84140625
0.8416015625
0.8416015625
0.8416015625
0.8416015625
0.84140625
0.84140625
0.84140625
0.8416015625
0.8419921875
0.8419921875
0.841796875
0.841796875
0.84140625
0.8416015625
0.84140625
0.84140625
0.84140625
0.8416015625
0.8416015625
0.84140625
0.84140625
0.84140625
0.84140625
0.8416015625
0.84140625
0.8412109375
0.8412109375
0.841015625
0.840625
0.840625
0.8404296875
0.8404296875
0.8404296875
0.840625
0.8404296875
0.8404296875
0.840234375
0.840234375
0.8400390625
0.8396484375
0.8396484375
0.8392578125
0.8392578125
0.8396484375
0.83984375
0.83984375
0.83984375
0.8396484375
0.8396484375
0.839453125
0.8396484375
0.839453125
0.8396484375
0.8396484375
0.8396484375
0.8400390625
0.840234375
0.840234375
0.8400390625
0.840234375
0.8400390625
0.8400390625
0.840625
0.840625
0.840625
0.8404296875
0.840625
0.840625
0.840625
0.841015625
0.8408203125
0.841015625
0.84140625
0.841796875
0.8416015625
0.8412109375
0.841015625
0.8412109375
0.84140625
0.841015625
0.8408203125
0.840234375
0.8404296875
0.840625
0.8408203125
0.841015625
0.8412109375
0.84140625
0.84140625
0.8412109375
0.84140625
0.8404296875
0.840625
0.8404296875
0.8404296875
0.8404296875
0.8404296875
0.840625
0.840625
0.8408203125
0.841015625
0.8412109375
0.841015625
0.8421875
0.8421875
0.841796875
0.842578125
0.84375
0.844921875
0.8455078125
0.8458984375
0.8462890625
0.84609375
0.846484375
0.8466796875
0.8462890625
0.846484375
0.846484375
0.846484375
0.8458984375
0.8470703125
0.846875
0.846484375
0.8466796875
0.846484375
0.84609375
0.847265625
0.8466796875
0.84609375
0.84609375
0.846875
0.8466796875
0.8466796875
0.8462890625
0.8462890625
0.846484375
0.846484375
0.846484375
0.846484375
0.846484375
0.8466796875
0.8474609375
0.8482421875
0.8482421875
0.8482421875
0.848828125
0.8486328125
0.84765625
0.8474609375
0.8484375
0.8482421875
0.84921875
0.8494140625
0.848828125
0.8494140625
0.8501953125
0.849609375
0.8486328125
0.8494140625
0.8498046875
0.85
0.8501953125
0.849609375
0.84921875
0.8494140625
0.8509765625
0.8515625
0.851171875
0.8515625
0.85390625
0.85390625
0.8537109375
0.85390625
0.8552734375
0.8560546875
0.855078125
0.8552734375
0.8556640625
0.8548828125
0.85390625
0.85390625
0.8546875
0.8544921875
0.8541015625
0.85625
0.857421875
0.858203125
0.858203125
0.858984375
0.858984375
0.8599609375
0.86015625
0.8611328125
0.8609375
0.860546875
0.8630859375
0.86328125
0.8638671875
0.8630859375
0.862890625
0.8626953125
0.86328125
0.862109375
0.8623046875
0.8623046875
0.8625
0.8630859375
0.8642578125
0.864453125
0.8646484375
0.864453125
0.86484375
0.865234375
0.8646484375
0.8646484375
0.86484375
0.865234375
0.8650390625
0.8646484375
0.8650390625
0.8658203125
0.86484375
0.8650390625
0.8650390625
0.86484375
0.8658203125
0.866015625
0.865625
0.8650390625
0.8666015625
0.8666015625
0.8685546875
0.867578125
0.868359375
0.8685546875
0.8673828125
0.8673828125
0.869140625
0.870703125
0.8701171875
0.86953125
0.869140625
0.8693359375
0.869140625
0.8685546875
0.8689453125
0.869921875
0.8693359375
0.8693359375
0.8697265625
0.8705078125
0.8697265625
0.869921875
0.8701171875
0.869921875
0.8697265625
0.8708984375
0.8708984375
0.8705078125
0.8703125
0.8705078125
0.871484375
0.871484375
0.8720703125
0.8716796875
0.8712890625
0.87109375
0.8720703125
0.8716796875
0.87265625
0.872265625
0.8732421875
0.873046875
0.8712890625
0.870703125
0.870703125
0.871484375
0.87265625
0.8716796875
0.8708984375
0.871875
0.872265625
0.8732421875
0.8734375
0.873828125
0.873828125
0.873828125
0.8744140625
0.8736328125
0.873828125
0.873046875
0.8744140625
0.874609375
0.8744140625
0.875390625
0.8751953125
0.8744140625
0.8748046875
0.87421875
0.875
0.8751953125
0.875390625
0.8751953125
0.8751953125
0.87421875
0.873828125
0.8734375
0.8744140625
0.875390625
0.875390625
0.8759765625
0.876953125
0.876171875
0.8771484375
0.8767578125
0.8767578125
0.8765625
0.87578125
0.8755859375
0.875390625
0.8755859375
0.875390625
0.875
0.87421875
0.8748046875
0.8744140625
0.874609375
0.875
0.8748046875
0.8740234375
0.875
0.8748046875
0.874609375
0.8744140625
0.874609375
0.8755859375
0.8759765625
0.8748046875
0.87578125
0.8751953125
0.8740234375
0.8740234375
0.8740234375
0.873828125
0.8740234375
0.8728515625
0.8734375
0.873046875
0.873828125
0.8732421875
0.873046875
0.875
0.8751953125
0.8748046875
0.875
0.8744140625
0.874609375
0.87421875
0.874609375
0.8744140625
0.874609375
0.8755859375
0.8744140625
0.873046875
0.8724609375
0.873828125
0.8748046875
0.874609375
0.8751953125
0.876953125
0.8736328125
0.87265625
0.87265625
0.871875
0.8720703125
0.87265625
0.8712890625
0.8728515625
0.86953125
0.871484375
0.869921875
0.8689453125
0.8662109375
0.8685546875
0.870703125
0.871484375
0.873046875
0.8734375
0.87265625
0.87421875
0.8744140625
0.878125
0.87578125
0.8779296875
0.87734375
0.8759765625
0.8779296875
0.875390625
0.8744140625
0.8740234375
0.8771484375
0.878515625
0.8775390625
0.876953125
0.8763671875
0.87578125
0.8751953125
0.8759765625
0.8767578125
0.8779296875
0.87578125
0.8763671875
0.875390625
0.8744140625
0.8736328125
0.8744140625
0.8740234375
0.87421875
0.875
0.872265625
0.8734375
0.873046875
0.8734375
0.8748046875
0.8744140625
0.8767578125
0.875390625
0.8767578125
0.8748046875
0.8728515625
0.8744140625
0.8755859375
0.876953125
0.8791015625
0.880078125
0.881640625
0.88203125
0.8826171875
0.8830078125
0.881640625
0.8833984375
0.883984375
0.8826171875
0.8826171875
0.883984375
0.88359375
0.883203125
0.8857421875
0.8861328125
0.8861328125
0.8857421875
0.8875
0.886328125
0.8849609375
0.8845703125
0.885546875
0.884765625
0.88828125
0.8890625
0.8900390625
0.891796875
0.891796875
0.889453125
0.888671875
0.8890625
0.8892578125
0.890234375
0.8923828125
0.893359375
0.893359375
0.89296875
0.8935546875
0.89296875
0.893359375
0.8935546875
0.894921875
0.89453125
0.8947265625
0.8962890625
0.895703125
0.896484375
0.897265625
0.896875
0.89765625
0.897265625
0.8970703125
0.8970703125
0.897265625
0.896875
0.89765625
0.8978515625
0.899609375
0.9
0.899609375
0.899609375
0.899609375
0.9001953125
0.9001953125
0.9005859375
0.9005859375
0.9005859375
0.9009765625
0.9009765625
0.9009765625
0.9015625
0.901171875
0.90078125
0.9017578125
0.9017578125
0.9017578125
0.901953125
0.9015625
0.9017578125
0.9021484375
0.9021484375
0.903515625
0.9029296875
0.903125
0.9025390625
0.9021484375
0.901953125
0.9013671875
0.9025390625
0.903515625
0.9041015625
0.90390625
0.90390625
0.905078125
0.90546875
0.905859375
0.9052734375
0.9060546875
0.9068359375
0.90703125
0.9076171875
0.907421875
0.9072265625
0.90703125
0.906640625
0.9076171875
0.9076171875
0.9068359375
0.9068359375
0.907421875
0.9072265625
0.907421875
0.908203125
0.9083984375
0.90859375
0.9095703125
0.9099609375
0.909765625
0.908984375
0.908203125
0.9078125
0.9068359375
0.9078125
0.909765625
0.91015625
0.9091796875
0.9083984375
0.9076171875
0.907421875
0.9064453125
0.9056640625
0.9056640625
0.90546875
0.904296875
0.9056640625
0.9048828125
0.9068359375
0.9056640625
0.905859375
0.90546875
0.90546875
0.9060546875
0.9060546875
0.905859375
0.905859375
0.9046875
0.90546875
0.905078125
0.905078125
0.90546875
0.9068359375
0.906640625
0.90859375
0.90859375
0.9091796875
0.909765625
0.9095703125
0.910546875
0.9109375
0.9103515625
0.910546875
0.9115234375
0.9125
0.912109375
0.9125
0.91328125
0.912890625
0.9134765625
0.9134765625
0.9140625
0.914453125
0.9138671875
0.9138671875
0.9126953125
0.9130859375
0.9138671875
0.9142578125
0.912109375
0.9126953125
0.91328125
0.914453125
0.914453125
0.915625
0.9166015625
0.9166015625
0.9146484375
0.91484375
0.914453125
0.9150390625
0.9154296875
0.9154296875
0.9158203125
0.916015625
0.9171875
0.9173828125
0.9169921875
0.9158203125
0.915625
0.9154296875
0.9154296875
0.91640625
0.916015625
0.9154296875
0.9154296875
0.91640625
0.9166015625
0.9181640625
0.916796875
0.9162109375
0.915234375
0.916796875
0.9173828125
0.91953125
0.919140625
0.9197265625
0.9185546875
0.9193359375
0.9193359375
0.919921875
0.9203125
0.919921875
0.919921875
0.9189453125
0.91953125
0.9185546875
0.9177734375
0.91796875
0.9185546875
0.91875
0.918359375
0.918359375
0.91640625
0.9173828125
0.9181640625
0.9177734375
0.9162109375
0.916015625
0.916796875
0.91640625
0.917578125
0.9169921875
0.915234375
0.915234375
0.9193359375
0.9197265625
0.9181640625
0.919140625
0.91953125
0.919921875
0.919921875
0.921484375
0.9212890625
0.91953125
0.92109375
0.9212890625
0.920703125
0.920703125
0.919921875
0.9203125
0.9205078125
0.920703125
0.9208984375
0.9224609375
0.921484375
0.9236328125
0.9232421875
0.9234375
0.9248046875
0.9232421875
0.9234375
0.923046875
0.923046875
0.9236328125
0.9240234375
0.9248046875
0.9259765625
0.925390625
0.926171875
0.926171875
0.9263671875
0.925390625
0.925390625
0.92421875
0.9244140625
0.9248046875
0.9251953125
0.9267578125
0.9271484375
0.9291015625
0.9283203125
0.929296875
0.92890625
0.9298828125
0.9296875
0.929296875
0.9294921875
0.928515625
0.926171875
0.9267578125
0.928125
0.9267578125
0.9259765625
0.9271484375
0.9259765625
0.9271484375
0.9271484375
0.9265625
0.9244140625
0.92421875
0.925
0.9255859375
0.9248046875
0.9248046875
0.925390625
0.9240234375
0.92265625
0.9228515625
0.9236328125
0.92421875
0.92421875
0.9234375
0.92421875
0.9234375
0.9236328125
0.9244140625
0.923046875
0.9236328125
0.9224609375
0.9216796875
0.923046875
0.9248046875
0.9240234375
0.92421875
0.9240234375
0.9236328125
0.9228515625
0.9212890625
0.921875
0.9216796875
0.92109375
0.9212890625
0.9208984375
0.921484375
0.9205078125
0.92109375
0.921875
0.923046875
0.9234375
0.9244140625
0.924609375
0.9244140625
0.925390625
0.925390625
0.9251953125
0.9263671875
0.926171875
0.925390625
0.9251953125
0.9244140625
0.924609375
0.9244140625
0.9259765625
0.9263671875
0.9259765625
0.925390625
0.925
0.92578125
0.925390625
0.9255859375
0.926171875
0.924609375
0.924609375
0.9255859375
0.925390625
0.9259765625
0.924609375
0.924609375
0.924609375
0.9234375
0.9244140625
0.92421875
0.924609375
0.9255859375
0.9255859375
0.925
0.92421875
0.923828125
0.9244140625
0.9240234375
0.926171875
0.9259765625
0.9259765625
0.9263671875
0.926171875
0.925390625
0.92578125
0.92578125
0.926171875
0.926953125
0.9263671875
0.9265625
0.9263671875
0.9267578125
0.9271484375
0.9283203125
0.928515625
0.92890625
0.9287109375
0.9298828125
0.9302734375
0.9306640625
0.9310546875
0.93203125
0.9314453125
0.9310546875
0.93125
0.931640625
0.93203125
0.93203125
0.932421875
0.9314453125
0.931640625
0.93125
0.93125
0.930859375
0.931640625
0.932421875
0.9318359375
0.931640625
0.93203125
0.9326171875
0.9326171875
0.9337890625
0.93359375
0.9330078125
0.9328125
0.932421875
0.931640625
0.9318359375
0.931640625
0.9318359375
0.9322265625
