0.68515625
0.68515625
0.683984375
0.6900390625
0.69765625
0.7037109375
0.6919921875
0.69296875
0.696875
0.6876953125
0.7015625
0.68671875
0.692578125
0.69140625
0.6986328125
0.6931640625
0.687890625
0.6990234375
0.701171875
0.69453125
0.7
0.7015625
0.6966796875
0.687890625
0.7005859375
0.700390625
0.690234375
0.6919921875
0.6916015625
0.690625
0.69921875
0.6966796875
0.6978515625
0.689453125
0.6888671875
0.7021484375
0.6962890625
0.698828125
0.6974609375
0.6994140625
0.699609375
0.70078125
0.696875
0.690234375
0.69453125
0.6970703125
0.69609375
0.6951171875
0.6982421875
0.7013671875
0.703515625
0.7076171875
0.6943359375
0.694140625
0.695703125
0.6953125
0.7
0.6978515625
0.6982421875
0.701171875
0.6990234375
0.70390625
0.6927734375
0.69140625
0.6951171875
0.69609375
0.690625
0.7025390625
0.7048828125
0.7037109375
0.6994140625
0.7111328125
0.702734375
0.69765625
0.69609375
0.6904296875
0.70703125
0.70546875
0.703125
0.7021484375
0.7083984375
0.7013671875
0.6986328125
0.6931640625
0.6994140625
0.7015625
0.70625
0.7025390625
0.7029296875
0.6931640625
0.69921875
0.7033203125
0.705078125
0.7017578125
0.7064453125
0.696484375
0.70546875
0.6955078125
0.7005859375
0.7111328125
0.701953125
0.7029296875
0.6912109375
0.70078125
0.70625
0.6939453125
0.6978515625
0.7005859375
0.705078125
0.6958984375
0.6986328125
0.7001953125
0.69609375
0.70859375
0.7
0.698046875
0.7080078125
0.7048828125
0.7056640625
0.696484375
0.707421875
0.7021484375
0.707421875
0.7021484375
0.7095703125
0.6966796875
0.6982421875
0.700390625
0.7068359375
0.697265625
0.6962890625
0.7041015625
0.7029296875
0.7029296875
0.7099609375
0.705859375
0.696875
0.7015625
0.6958984375
0.71015625
0.718359375
0.6966796875
0.70625
0.70859375
0.7041015625
0.701171875
0.7056640625
0.7083984375
0.7107421875
0.716015625
0.708984375
0.6998046875
0.699609375
0.6953125
0.705859375
0.7041015625
0.7046875
0.7064453125
0.709765625
0.7111328125
0.711328125
0.7064453125
0.7080078125
0.7080078125
0.711328125
0.705078125
0.70625
0.7076171875
0.7029296875
0.7017578125
0.7119140625
0.7060546875
0.7140625
0.7109375
0.71484375
0.7064453125
0.707421875
0.6990234375
0.709375
0.7041015625
0.7091796875
0.704296875
0.7068359375
0.7015625
0.707421875
0.70234375
0.7083984375
0.7060546875
0.703515625
0.7083984375
0.7078125
0.7041015625
0.7009765625
0.7076171875
0.709375
0.7107421875
0.7021484375
0.702734375
0.704296875
0.71484375
0.7076171875
0.709375
0.708984375
0.7060546875
0.7203125
0.7017578125
0.7154296875
0.7125
0.7162109375
0.7181640625
0.7177734375
0.7119140625
0.7158203125
0.7091796875
0.7056640625
0.7029296875
0.7123046875
0.7138671875
0.7068359375
0.7134765625
0.714453125
0.708984375
0.7119140625
0.7083984375
0.7134765625
0.705078125
0.70625
0.709375
0.708203125
0.719140625
0.719140625
0.7103515625
0.7119140625
0.7119140625
0.70390625
0.7091796875
0.7091796875
0.703515625
0.7103515625
0.70390625
0.7037109375
0.7005859375
0.70859375
0.7052734375
0.7201171875
0.7197265625
0.716796875
0.705859375
0.70390625
0.712890625
0.7208984375
0.71328125
0.709375
0.7197265625
0.7197265625
0.7208984375
0.717578125
0.709375
0.707421875
0.7123046875
0.721875
0.709765625
0.7099609375
0.7091796875
0.7099609375
0.7166015625
0.7103515625
0.708203125
0.726171875
0.7123046875
0.7111328125
0.709765625
0.7115234375
0.71015625
0.7150390625
0.721484375
0.7154296875
0.727734375
0.7232421875
0.7234375
0.72109375
0.7203125
0.712890625
0.7158203125
0.71640625
0.7203125
0.71953125
0.720703125
0.725
0.719921875
0.7138671875
0.7193359375
0.716796875
0.7173828125
0.7158203125
0.715625
0.71484375
0.7216796875
0.72734375
0.725390625
0.721875
0.72421875
0.725390625
0.7197265625
0.717578125
0.720703125
0.712109375
0.7099609375
0.71953125
0.714453125
0.715234375
0.721484375
0.71328125
0.7173828125
0.7291015625
0.7220703125
0.7185546875
0.7197265625
0.720703125
0.717578125
0.7228515625
0.716796875
0.7123046875
0.7146484375
0.7279296875
0.72265625
0.71875
0.718359375
0.720703125
0.726953125
0.7248046875
0.7248046875
0.728515625
0.7291015625
0.7197265625
0.7201171875
0.73203125
0.7291015625
0.7228515625
0.721484375
0.7197265625
0.718359375
0.71875
0.7142578125
0.715234375
0.728125
0.721484375
0.7103515625
0.72265625
0.7169921875
0.7259765625
0.722265625
0.725390625
0.716015625
0.722265625
0.72109375
0.7177734375
0.721875
0.724609375
0.719140625
0.715625
0.7130859375
0.7294921875
0.726171875
0.7267578125
0.7212890625
0.724609375
0.7083984375
0.7146484375
0.7234375
0.726953125
0.7208984375
0.71640625
0.7169921875
0.7205078125
0.7208984375
0.7248046875
0.725390625
0.7236328125
0.7212890625
0.71484375
0.7220703125
0.720703125
0.72109375
0.7203125
0.7193359375
0.726953125
0.72890625
0.7373046875
0.7248046875
0.7291015625
0.724609375
0.7275390625
0.7341796875
0.7318359375
0.7244140625
0.724609375
0.730078125
0.7248046875
0.73203125
0.720703125
0.725390625
0.733203125
0.7330078125
0.7267578125
0.7177734375
0.722265625
0.72578125
0.728125
0.7259765625
0.7251953125
0.724609375
0.72109375
0.7193359375
0.7228515625
0.7333984375
0.7267578125
0.727734375
0.7275390625
0.7232421875
0.726953125
0.7208984375
0.7201171875
0.7236328125
0.7181640625
0.718359375
0.72734375
0.72890625
0.7294921875
0.73359375
0.736328125
0.7341796875
0.736328125
0.7255859375
0.7294921875
0.7306640625
0.723828125
0.7259765625
0.730859375
0.7365234375
0.73125
0.732421875
0.7287109375
0.73828125
0.72890625
0.7361328125
0.7322265625
0.728125
0.7298828125
0.7373046875
0.734765625
0.7359375
0.7322265625
0.7322265625
0.7341796875
0.74140625
0.74140625
0.7359375
0.73046875
0.731640625
0.735546875
0.73515625
0.7314453125
0.7404296875
0.7328125
0.7412109375
0.7416015625
0.7361328125
0.73671875
0.7291015625
0.7279296875
0.737890625
0.733984375
0.7310546875
0.72578125
0.72890625
0.7328125
0.7359375
0.736328125
0.7349609375
0.737890625
0.735546875
0.7365234375
0.734375
0.73359375
0.738671875
0.739453125
0.739453125
0.73203125
0.7306640625
0.7326171875
0.7302734375
0.7431640625
0.741015625
0.7423828125
0.746875
0.7455078125
0.7515625
0.7421875
0.7466796875
0.7326171875
0.73203125
0.73671875
0.7296875
0.7302734375
0.731640625
0.7267578125
0.734375
0.745703125
0.7421875
0.7376953125
0.741015625
0.741015625
0.7435546875
0.7396484375
0.7408203125
0.7412109375
0.7478515625
0.7474609375
0.733203125
0.73125
0.7419921875
0.7396484375
0.741796875
0.748828125
0.74453125
0.7546875
0.7484375
0.74609375
0.7501953125
0.746875
0.7443359375
0.741015625
0.7455078125
0.74765625
0.753515625
0.75
0.7375
0.74296875
0.73984375
0.738671875
0.743359375
0.740625
0.7388671875
0.7384765625
0.7419921875
0.7439453125
0.7423828125
0.7466796875
0.748828125
0.75078125
0.74609375
0.744921875
0.7453125
0.74453125
0.74296875
0.742578125
0.73828125
0.75
0.7482421875
0.740625
0.7490234375
0.7451171875
0.7423828125
0.7458984375
0.748046875
0.744140625
0.7484375
0.7423828125
0.7349609375
0.7376953125
0.7412109375
0.746484375
0.7453125
0.7421875
0.7451171875
0.74375
0.753515625
0.755078125
0.74609375
0.75390625
0.7568359375
0.758984375
0.7521484375
0.750390625
0.7498046875
0.7455078125
0.7421875
0.740234375
0.747265625
0.7513671875
0.75234375
0.7541015625
0.75859375
0.7587890625
0.759375
0.7560546875
0.7568359375
0.76328125
0.7619140625
0.759765625
0.7560546875
0.7537109375
0.7578125
0.7533203125
0.756640625
0.755078125
0.757421875
0.75625
0.7568359375
0.75390625
0.75234375
0.754296875
0.7529296875
0.7490234375
0.7548828125
0.7580078125
0.755859375
0.7560546875
0.7583984375
0.75625
0.7576171875
0.7603515625
0.765234375
0.7658203125
0.7615234375
0.755859375
0.7533203125
0.75234375
0.7529296875
0.7552734375
0.7609375
0.75625
0.755078125
0.7515625
0.758203125
0.7591796875
0.7576171875
0.7583984375
0.7625
0.764453125
0.763671875
0.7609375
0.7669921875
0.766015625
0.765234375
0.76796875
0.765234375
0.76796875
0.7599609375
0.76015625
0.7615234375
0.7619140625
0.76015625
0.7654296875
0.7623046875
0.7671875
0.7677734375
0.7666015625
0.7626953125
0.766796875
0.7646484375
0.7623046875
0.7609375
0.7673828125
0.773828125
0.7728515625
0.774609375
0.7716796875
0.7673828125
0.7677734375
0.7712890625
0.77265625
0.769140625
0.7673828125
0.7685546875
0.769921875
0.7654296875
0.7666015625
0.7650390625
0.7705078125
0.7736328125
0.771484375
0.77109375
0.7685546875
0.7708984375
0.7728515625
0.77109375
0.77265625
0.7740234375
0.7744140625
0.7775390625
0.7826171875
0.7794921875
0.775390625
0.775390625
0.7771484375
0.777734375
0.7771484375
0.7810546875
0.78203125
0.7822265625
0.785546875
0.7841796875
0.78515625
0.7845703125
0.7859375
0.789453125
0.787890625
0.78515625
0.7857421875
0.7884765625
0.788671875
0.7869140625
0.7845703125
0.784765625
0.7849609375
0.7884765625
0.7921875
0.7873046875
0.78359375
0.784375
0.7880859375
0.7857421875
0.7888671875
0.7896484375
0.7921875
0.7935546875
0.792578125
0.7939453125
0.79609375
0.7998046875
0.7984375
0.796875
0.7931640625
0.7927734375
0.7912109375
0.7916015625
0.791015625
0.793359375
0.7931640625
0.79296875
0.7908203125
0.789453125
0.791015625
0.7916015625
0.7921875
0.7919921875
0.7935546875
0.794140625
0.7953125
0.796484375
0.8001953125
0.8015625
0.8029296875
0.80625
0.80625
0.80703125
0.806640625
0.8056640625
0.805078125
0.8064453125
0.8080078125
0.8083984375
0.808984375
0.80859375
0.8091796875
0.8103515625
0.8099609375
0.8107421875
0.809375
0.8099609375
0.811328125
0.8111328125
0.8115234375
0.812890625
0.8115234375
0.8125
0.8123046875
0.81328125
0.8150390625
0.81640625
0.8166015625
0.8193359375
0.8185546875
0.818359375
0.8177734375
0.819140625
0.819921875
0.822265625
0.823828125
0.8251953125
0.8248046875
0.82421875
0.823828125
0.8244140625
0.8240234375
0.8240234375
0.8236328125
0.8248046875
0.825390625
0.8259765625
0.8255859375
0.826171875
0.826171875
0.8271484375
0.8279296875
0.8279296875
0.8283203125
0.827734375
0.828515625
0.828515625
0.829296875
0.8291015625
0.8302734375
0.8306640625
0.830859375
0.83125
0.831640625
0.8318359375
0.83125
0.8322265625
0.833203125
0.833203125
0.8333984375
0.833203125
0.8337890625
0.83359375
0.833984375
0.8337890625
0.8337890625
0.8341796875
0.834375
0.8345703125
0.8349609375
0.8353515625
0.83515625
0.8357421875
0.8359375
0.8361328125
0.8365234375
0.8369140625
0.8373046875
0.83671875
0.8369140625
0.837109375
0.837109375
0.8373046875
0.8375
0.8376953125
0.8375
0.8373046875
0.8369140625
0.8369140625
0.83671875
0.8375
0.8376953125
0.8380859375
0.838671875
0.838671875
0.8388671875
0.8390625
0.8388671875
0.8392578125
0.8392578125
0.8392578125
0.839453125
0.8396484375
0.8396484375
0.839453125
0.8392578125
0.8392578125
0.8396484375
0.83984375
0.83984375
0.83984375
0.83984375
0.83984375
0.8396484375
0.839453125
0.8392578125
0.8392578125
0.8396484375
0.8400390625
0.8400390625
0.840234375
0.8404296875
0.8404296875
0.8404296875
0.8404296875
0.840234375
0.840234375
0.840234375
0.840234375
0.840234375
0.8404296875
0.8404296875
0.840625
0.840625
0.8408203125
0.8412109375
0.84140625
0.8416015625
0.84140625
0.84140625
0.8416015625
0.84140625
0.84140625
0.84140625
0.8416015625
0.8416015625
0.8416015625
0.8416015625
0.841796875
0.841796875
0.841796875
0.841796875
0.8419921875
0.8419921875
0.8419921875
0.8419921875
0.8421875
0.8421875
0.8419921875
0.8419921875
0.8419921875
0.841796875
0.8416015625
0.8416015625
0.8416015625
0.8416015625
0.8416015625
0.8416015625
0.8416015625
0.8416015625
0.8416015625
0.8416015625
0.8416015625
0.84140625
0.84140625
0.8416015625
0.8416015625
0.841796875
0.841796875
0.841796875
0.841796875
0.841796875
0.841796875
0.8419921875
0.8419921875
0.8419921875
0.8419921875
0.8419921875
0.8419921875
0.8419921875
0.8419921875
0.8419921875
0.8419921875
0.8419921875
0.8419921875
0.8421875
0.8421875
0.8421875
0.8419921875
0.8419921875
0.8419921875
0.8419921875
0.8419921875
0.8419921875
0.8419921875
0.8419921875
0.8419921875
0.8419921875
0.8419921875
0.841796875
0.841796875
0.8416015625
0.8416015625
0.841796875
0.841796875
0.841796875
0.841796875
0.841796875
0.841796875
0.841796875
0.841796875
0.841796875
0.841796875
0.841796875
0.841796875
0.8416015625
0.841796875
0.8412109375
0.8412109375
0.8412109375
0.841015625
0.841015625
0.841015625
0.8412109375
0.8412109375
0.8412109375
