0.88046875
0.8798828125
0.8794921875
0.8787109375
0.8802734375
0.8796875
0.8779296875
0.88046875
0.87890625
0.879296875
0.8796875
0.88125
0.8822265625
0.8837890625
0.8826171875
0.880859375
0.8814453125
0.8818359375
0.881640625
0.8794921875
0.8806640625
0.8802734375
0.8814453125
0.8826171875
0.88203125
0.882421875
0.8822265625
0.8828125
0.883203125
0.8828125
0.882421875
0.8830078125
0.8826171875
0.884375
0.8826171875
0.88359375
0.8845703125
0.8837890625
0.887109375
0.8861328125
0.887109375
0.8875
0.889453125
0.888671875
0.888671875
0.886328125
0.8861328125
0.886328125
0.8890625
0.88671875
0.88671875
0.887109375
0.88984375
0.8890625
0.8890625
0.8876953125
0.8861328125
0.8849609375
0.887109375
0.88671875
0.88515625
0.8859375
0.8884765625
0.887109375
0.8857421875
0.8833984375
0.8818359375
0.8841796875
0.8876953125
0.8873046875
0.88671875
0.886328125
0.888671875
0.888671875
0.88984375
0.8890625
0.8890625
0.8890625
0.8908203125
0.89140625
0.8896484375
0.8873046875
0.8892578125
0.8892578125
0.887109375
0.8876953125
0.887890625
0.88984375
0.88984375
0.891796875
0.8919921875
0.8935546875
0.8923828125
0.8931640625
0.8939453125
0.8939453125
0.89609375
0.895703125
0.89375
0.893359375
0.8916015625
0.892578125
0.891796875
0.8919921875
0.89140625
0.893359375
0.8927734375
0.8916015625
0.891015625
0.892578125
0.8931640625
0.89296875
0.892578125
0.894921875
0.8943359375
0.8935546875
0.8919921875
0.8908203125
0.88828125
0.88671875
0.8904296875
0.8890625
0.8876953125
0.8900390625
0.889453125
0.890234375
0.8939453125
0.895703125
0.8923828125
0.8912109375
0.890234375
0.8908203125
0.893359375
0.889453125
0.890234375
0.8896484375
0.890625
0.8904296875
0.8890625
0.8873046875
0.890625
0.8919921875
0.8912109375
0.8904296875
0.89375
0.8947265625
0.8974609375
0.8970703125
0.8994140625
0.8974609375
0.8962890625
0.894140625
0.891796875
0.89140625
0.895703125
0.8962890625
0.8962890625
0.89765625
0.8970703125
0.8955078125
0.8978515625
0.895703125
0.894921875
0.89140625
0.89296875
0.8912109375
0.8923828125
0.891796875
0.8931640625
0.893359375
0.8947265625
0.895703125
0.8953125
0.8986328125
0.89609375
0.8919921875
0.891015625
0.8845703125
0.8837890625
0.8845703125
0.884375
0.884375
0.8828125
0.88515625
0.8853515625
0.8830078125
0.883984375
0.8810546875
0.88359375
0.8828125
0.881640625
0.880859375
0.878515625
0.878125
0.8818359375
0.8828125
0.8810546875
0.8810546875
0.8830078125
0.8833984375
0.8822265625
0.88359375
0.8845703125
0.8853515625
0.8857421875
0.884375
0.8841796875
0.8857421875
0.88515625
0.886328125
0.8837890625
0.884375
0.8845703125
0.8794921875
0.884765625
0.8837890625
0.8849609375
0.8837890625
0.8875
0.8861328125
0.8880859375
0.8876953125
0.885546875
0.88515625
0.884765625
0.88359375
0.8806640625
0.8787109375
0.8765625
0.8771484375
0.87890625
0.8810546875
0.88359375
0.8826171875
0.876171875
0.87890625
0.8763671875
0.8734375
0.87265625
0.8716796875
0.87421875
0.8751953125
0.87421875
0.8736328125
0.8759765625
0.8767578125
0.8765625
0.8759765625
0.87890625
0.8783203125
0.876953125
0.875
0.873828125
0.873046875
0.873046875
0.8734375
0.8736328125
0.873046875
0.87265625
0.8728515625
0.875
0.8759765625
0.878125
0.880078125
0.878125
0.877734375
0.878515625
0.87421875
0.874609375
0.8748046875
0.877734375
0.876953125
0.8775390625
0.879296875
0.8794921875
0.878515625
0.87734375
0.8787109375
0.8765625
0.8767578125
0.8748046875
0.875
0.8779296875
0.8763671875
0.876953125
0.8763671875
0.8765625
0.8708984375
0.869140625
0.868359375
0.8681640625
0.8703125
0.873046875
0.871484375
0.875
0.875390625
0.8724609375
0.8744140625
0.8771484375
0.880078125
0.8744140625
0.873046875
0.8759765625
0.8720703125
0.8724609375
0.870703125
0.8708984375
0.8703125
0.86953125
0.870703125
0.8716796875
0.867578125
0.8677734375
0.86875
0.868359375
0.8689453125
0.8712890625
0.8703125
0.87421875
0.8728515625
0.87265625
0.8724609375
0.8763671875
0.8763671875
0.878125
0.8751953125
0.8744140625
0.874609375
0.87578125
0.876953125
0.876953125
0.876953125
0.875
0.8751953125
0.869921875
0.8662109375
0.869921875
0.86875
0.8658203125
0.86640625
0.8685546875
0.8689453125
0.872265625
0.8740234375
0.87421875
0.872265625
0.8720703125
0.8701171875
0.86640625
0.86875
0.87109375
0.8681640625
0.8654296875
0.865234375
0.86796875
0.869921875
0.8716796875
0.8689453125
0.8666015625
0.8701171875
0.868359375
0.8673828125
0.86875
0.86484375
0.8671875
0.8681640625
0.870703125
0.87265625
0.871875
0.8681640625
0.8724609375
0.8740234375
0.8701171875
0.8671875
0.8673828125
0.8673828125
0.86484375
0.864453125
0.8654296875
0.8693359375
0.875
0.8740234375
0.874609375
0.8697265625
0.868359375
0.866796875
0.8666015625
0.8671875
0.8662109375
0.86484375
0.8650390625
0.86640625
0.865625
0.8681640625
0.8662109375
0.8638671875
0.862890625
0.862109375
0.8662109375
0.8666015625
0.8619140625
0.86484375
0.864453125
0.8658203125
0.8654296875
0.8634765625
0.8615234375
0.8609375
0.8625
0.8630859375
0.8640625
0.8595703125
0.8541015625
0.8595703125
0.85546875
0.8560546875
0.85703125
0.857421875
0.8509765625
0.854296875
0.855078125
0.8533203125
0.8529296875
0.853515625
0.8533203125
0.8548828125
0.8515625
0.8521484375
0.8513671875
0.8505859375
0.8482421875
0.846875
0.8505859375
0.846875
0.84609375
0.8455078125
0.844921875
0.8513671875
0.85234375
0.8484375
0.8498046875
0.846875
0.846484375
0.846484375
0.8462890625
0.8490234375
0.848046875
0.8515625
0.8501953125
0.8490234375
0.8412109375
0.837109375
0.8357421875
0.8380859375
0.8404296875
0.838671875
0.8396484375
0.8412109375
0.837890625
0.8474609375
0.8470703125
0.8427734375
0.8439453125
0.843359375
0.84453125
0.8470703125
0.8453125
0.84609375
0.8380859375
0.84140625
0.8384765625
0.8369140625
0.8408203125
0.836328125
0.8435546875
0.847265625
0.8443359375
0.8451171875
0.8404296875
0.84375
0.8423828125
0.84140625
0.8439453125
0.8419921875
0.8431640625
0.842578125
0.8400390625
0.838671875
0.837109375
0.8373046875
0.8427734375
0.8419921875
0.8416015625
0.8421875
0.84453125
0.846875
0.844140625
0.8458984375
0.838671875
0.842578125
0.841015625
0.8375
0.836328125
0.8353515625
0.8359375
0.8369140625
0.8357421875
0.8376953125
0.83828125
0.8404296875
0.837109375
0.8349609375
0.8333984375
0.8408203125
0.8345703125
0.83203125
0.8302734375
0.8263671875
0.8232421875
0.81953125
0.8171875
0.82109375
0.82421875
0.81640625
0.819921875
0.823046875
0.8212890625
0.8234375
0.825390625
0.818359375
0.81796875
0.824609375
0.828125
0.8267578125
0.825
0.832421875
0.835546875
0.8265625
0.8263671875
0.82265625
0.8234375
0.8201171875
0.8212890625
0.813671875
0.8123046875
0.81328125
0.812109375
0.8119140625
0.808984375
0.81015625
0.808203125
0.808203125
0.8146484375
0.812890625
0.808203125
0.8099609375
0.812109375
0.815234375
0.8181640625
0.8158203125
0.818359375
0.8169921875
0.8205078125
0.8091796875
0.8150390625
0.815625
0.8125
0.81640625
0.8146484375
0.809765625
0.81171875
0.815625
0.8123046875
0.8107421875
0.815234375
0.8107421875
0.8076171875
0.8001953125
0.7998046875
0.803515625
0.8033203125
0.8046875
0.8009765625
0.796484375
0.800390625
0.79453125
0.7931640625
0.791796875
0.7908203125
0.794140625
0.7978515625
0.80390625
0.79609375
0.7951171875
0.7884765625
0.79296875
0.7890625
0.79140625
0.7904296875
0.7951171875
0.7966796875
0.79765625
0.8015625
0.8
0.8064453125
0.802734375
0.7943359375
0.7958984375
0.798046875
0.796484375
0.7953125
0.7953125
0.8009765625
0.80390625
0.8017578125
0.8037109375
0.80546875
0.8083984375
0.802734375
0.7943359375
0.79609375
0.79453125
0.7947265625
0.78984375
0.7841796875
0.78203125
0.7779296875
0.7857421875
0.7958984375
0.7927734375
0.790625
0.7873046875
0.7837890625
0.7845703125
0.786328125
0.7861328125
0.7857421875
0.7923828125
0.7921875
0.7904296875
0.7826171875
0.7859375
0.7865234375
0.7892578125
0.7828125
0.7830078125
0.7736328125
0.7771484375
0.782421875
0.7794921875
0.7783203125
0.781640625
0.7810546875
0.7796875
0.780859375
0.7736328125
0.776953125
0.7826171875
0.781640625
0.7767578125
0.7716796875
0.767578125
0.7708984375
0.766015625
0.7658203125
0.771484375
0.7685546875
0.7748046875
0.767578125
0.7673828125
0.7642578125
0.77421875
0.775
0.7787109375
0.7796875
0.771875
0.76875
0.7685546875
0.77265625
0.76796875
0.7681640625
0.7634765625
0.7671875
0.7619140625
0.7583984375
0.7615234375
0.760546875
0.7630859375
0.755859375
0.75546875
0.7544921875
0.7650390625
0.7705078125
0.7638671875
0.7609375
0.7599609375
0.7595703125
0.7544921875
0.7619140625
0.7669921875
0.7634765625
0.7611328125
0.761328125
0.758984375
0.7650390625
0.7603515625
0.7642578125
0.764453125
0.7626953125
0.7650390625
0.762109375
0.766796875
0.7634765625
0.7638671875
0.75703125
0.7560546875
0.76484375
0.758984375
0.7603515625
0.7580078125
0.763671875
0.7638671875
0.7640625
0.7693359375
0.7646484375
0.7583984375
0.7580078125
0.75390625
0.759765625
0.7603515625
0.759765625
0.767578125
0.7705078125
0.77109375
0.779296875
0.7724609375
0.7701171875
0.7671875
0.7689453125
0.7673828125
0.7666015625
0.7669921875
0.76640625
0.7634765625
0.760546875
0.7583984375
0.755859375
0.7525390625
0.7509765625
0.75
0.7505859375
0.75703125
0.7568359375
0.7568359375
0.7603515625
0.760546875
0.7609375
0.7546875
0.757421875
0.7607421875
0.7568359375
0.7580078125
0.7541015625
0.7533203125
0.75390625
0.7560546875
0.76015625
0.7658203125
0.7595703125
0.759375
0.76484375
0.7689453125
0.7646484375
0.760546875
0.76015625
0.7666015625
0.7537109375
0.7478515625
0.7474609375
0.74921875
0.7537109375
0.755078125
0.75625
0.7521484375
0.7525390625
0.753125
0.7541015625
0.7578125
0.7568359375
0.75390625
0.7576171875
0.755859375
0.7533203125
0.753125
0.7587890625
0.7591796875
0.7552734375
0.7607421875
0.762109375
0.7533203125
0.755859375
0.7556640625
0.7560546875
0.7619140625
0.7623046875
0.7515625
0.7455078125
0.755859375
0.7462890625
0.75
0.7513671875
0.753125
0.7509765625
0.7517578125
0.7564453125
0.7537109375
0.7498046875
0.7470703125
0.748828125
0.75859375
0.7587890625
0.7650390625
0.7529296875
0.7533203125
0.74609375
0.74453125
0.746875
0.751953125
0.7466796875
0.7560546875
0.7568359375
0.7552734375
0.75625
0.751953125
0.752734375
0.7515625
0.75546875
0.75390625
0.7494140625
0.7525390625
0.745703125
0.7443359375
0.746484375
0.74921875
0.7423828125
0.7509765625
0.7521484375
0.7451171875
0.74765625
0.7431640625
0.7416015625
0.7421875
0.7416015625
0.75234375
0.7548828125
0.7435546875
0.7470703125
0.7490234375
0.755859375
0.7552734375
0.7517578125
0.751953125
0.7556640625
0.7470703125
0.7529296875
0.7484375
0.7501953125
0.7451171875
0.7416015625
0.7484375
0.7517578125
0.7580078125
0.748046875
0.7470703125
0.751953125
0.752734375
0.7498046875
0.75390625
0.7548828125
0.7525390625
0.7470703125
0.7474609375
0.7447265625
0.75
0.7494140625
0.7578125
0.7591796875
0.7580078125
0.7578125
0.74765625
0.7533203125
0.7447265625
0.7427734375
0.7525390625
0.7546875
0.751953125
0.748046875
0.7421875
0.7423828125
0.74609375
0.741796875
0.747265625
0.746484375
0.7361328125
0.7484375
0.746875
0.7447265625
0.752734375
0.7537109375
0.74609375
0.7421875
0.7453125
0.74765625
0.7427734375
0.740234375
0.7361328125
0.739453125
0.7447265625
0.7431640625
0.7529296875
0.7517578125
0.7552734375
0.7501953125
0.750390625
0.753515625
0.7458984375
0.735546875
0.7369140625
0.7423828125
0.7466796875
0.7474609375
0.74296875
0.7494140625
0.743359375
0.7451171875
0.7478515625
0.7529296875
0.75234375
0.747265625
0.7384765625
0.745703125
0.7474609375
0.7482421875
0.749609375
0.7462890625
0.7419921875
0.742578125
0.74375
0.740234375
0.7375
0.7482421875
0.7462890625
0.74140625
0.7373046875
0.746484375
0.7462890625
0.74921875
0.753125
0.7474609375
0.7439453125
0.742578125
0.7466796875
0.7484375
0.7470703125
0.7380859375
0.7365234375
0.7392578125
0.7412109375
0.740625
0.73203125
0.7330078125
0.750390625
0.7408203125
0.73828125
0.73671875
0.73984375
0.741796875
0.7435546875
0.748046875
0.7462890625
0.741796875
0.7375
0.740234375
0.7341796875
0.7349609375
0.730078125
0.73359375
0.727734375
0.727734375
0.7376953125
0.736328125
0.7380859375
0.73828125
0.739453125
0.73984375
0.73828125
0.7330078125
0.730078125
0.733984375
0.730078125
0.735546875
