0.6716796875
0.7033203125
0.723046875
0.7314453125
0.7306640625
0.736328125
0.7333984375
0.7369140625
0.7357421875
0.7283203125
0.7349609375
0.734765625
0.737890625
0.740234375
0.733984375
0.7380859375
0.7455078125
0.7404296875
0.7365234375
0.7404296875
0.74375
0.74375
0.72890625
0.72734375
0.73125
0.739453125
0.7333984375
0.7333984375
0.7427734375
0.736328125
0.74765625
0.7322265625
0.7287109375
0.726171875
0.73671875
0.73828125
0.746484375
0.7412109375
0.74375
0.741796875
0.7466796875
0.7478515625
0.748046875
0.748828125
0.7484375
0.7392578125
0.7373046875
0.742578125
0.7384765625
0.741015625
0.7412109375
0.7337890625
0.7404296875
0.7466796875
0.741796875
0.7455078125
0.741796875
0.7353515625
0.7384765625
0.7419921875
0.7458984375
0.75234375
0.7537109375
0.7453125
0.748046875
0.747265625
0.7435546875
0.744921875
0.7404296875
0.7455078125
0.7357421875
0.7390625
0.740625
0.740625
0.7388671875
0.7380859375
0.7365234375
0.74375
0.7439453125
0.7412109375
0.7390625
0.7369140625
0.744921875
0.743359375
0.739453125
0.74140625
0.7421875
0.7423828125
0.7357421875
0.744921875
0.7423828125
0.75625
0.7578125
0.75703125
0.7509765625
0.7544921875
0.7556640625
0.74609375
0.7451171875
0.7416015625
0.7447265625
0.7427734375
0.7501953125
0.748828125
0.744921875
0.7408203125
0.740234375
0.7390625
0.746484375
0.74375
0.7482421875
0.7419921875
0.7380859375
0.7384765625
0.7494140625
0.7486328125
0.7486328125
0.7470703125
0.74140625
0.7421875
0.74140625
0.743359375
0.7455078125
0.75234375
0.7548828125
0.7560546875
0.7505859375
0.7529296875
0.7427734375
0.7431640625
0.7455078125
0.739453125
0.7412109375
0.7384765625
0.75234375
0.7548828125
0.7607421875
0.751171875
0.7458984375
0.746875
0.7466796875
0.7498046875
0.7490234375
0.751171875
0.755859375
0.7552734375
0.7544921875
0.753125
0.747265625
0.7470703125
0.7384765625
0.7447265625
0.741796875
0.7439453125
0.74296875
0.7515625
0.744921875
0.746875
0.7470703125
0.7486328125
0.75234375
0.74375
0.737890625
0.7376953125
0.748046875
0.7439453125
0.7501953125
0.746484375
0.75
0.7447265625
0.7443359375
0.74375
0.751171875
0.7431640625
0.7501953125
0.7466796875
0.739453125
0.7525390625
0.748828125
0.747265625
0.7435546875
0.74296875
0.7412109375
0.7513671875
0.7521484375
0.748046875
0.74296875
0.7515625
0.749609375
0.7521484375
0.7591796875
0.7611328125
0.7646484375
0.76484375
0.7603515625
0.7560546875
0.757421875
0.7541015625
0.7478515625
0.7505859375
0.751953125
0.7525390625
0.7599609375
0.7640625
0.7607421875
0.7623046875
0.757421875
0.7572265625
0.7544921875
0.758203125
0.75
0.75078125
0.7533203125
0.7544921875
0.740625
0.75625
0.74921875
0.744140625
0.7486328125
0.7474609375
0.750390625
0.7498046875
0.759765625
0.749609375
0.74921875
0.7556640625
0.7515625
0.75234375
0.748046875
0.74921875
0.7576171875
0.7580078125
0.755078125
0.7576171875
0.76015625
0.7560546875
0.7583984375
0.759765625
0.7513671875
0.75078125
0.7478515625
0.7482421875
0.7484375
0.75390625
0.758203125
0.75546875
0.7611328125
0.7580078125
0.75
0.75625
0.7537109375
0.754296875
0.7578125
0.76171875
0.7603515625
0.7634765625
0.76015625
0.760546875
0.76328125
0.7626953125
0.7666015625
0.7689453125
0.7630859375
0.7580078125
0.7578125
0.75546875
0.7587890625
0.7658203125
0.7685546875
0.769921875
0.76171875
0.7634765625
0.765234375
0.768359375
0.7701171875
0.759765625
0.7580078125
0.75078125
0.757421875
0.7568359375
0.7603515625
0.7646484375
0.7642578125
0.7634765625
0.760546875
0.762890625
0.766796875
0.775
0.7740234375
0.776171875
0.7658203125
0.7634765625
0.7689453125
0.7712890625
0.77109375
0.77265625
0.765234375
0.7583984375
0.7677734375
0.7662109375
0.76875
0.75703125
0.7611328125
0.75703125
0.7572265625
0.76171875
0.757421875
0.7619140625
0.765234375
0.761328125
0.76640625
0.767578125
0.7736328125
0.7720703125
0.7748046875
0.7716796875
0.7685546875
0.7671875
0.768359375
0.7689453125
0.773046875
0.7794921875
0.7751953125
0.7728515625
0.7716796875
0.769140625
0.7640625
0.759765625
0.7607421875
0.75625
0.762109375
0.764453125
0.7640625
0.7666015625
0.7615234375
0.7654296875
0.762890625
0.762890625
0.7638671875
0.773046875
0.769921875
0.7640625
0.7607421875
0.7689453125
0.772265625
0.7763671875
0.769140625
0.767578125
0.7666015625
0.765234375
0.7626953125
0.7638671875
0.76484375
0.762109375
0.759765625
0.7583984375
0.7609375
0.76328125
0.76171875
0.7671875
0.76953125
0.7697265625
0.75859375
0.7642578125
0.7677734375
0.7638671875
0.7681640625
0.7673828125
0.770703125
0.7673828125
0.7755859375
0.7724609375
0.77265625
0.7705078125
0.7748046875
0.7720703125
0.768359375
0.7671875
0.7703125
0.767578125
0.76953125
0.766796875
0.7654296875
0.7736328125
0.778515625
0.778515625
0.7755859375
0.7837890625
0.7796875
0.7849609375
0.7861328125
0.787890625
0.786328125
0.779296875
0.7796875
0.779296875
0.7705078125
0.76953125
0.771875
0.773828125
0.7779296875
0.78046875
0.775
0.7802734375
0.78125
0.7810546875
0.7796875
0.775
0.775390625
0.772265625
0.773828125
0.77265625
0.7775390625
0.777734375
0.775390625
0.7765625
0.7849609375
0.7837890625
0.77578125
0.7775390625
0.774609375
0.772265625
0.77421875
0.7771484375
0.7744140625
0.7794921875
0.7869140625
0.7875
0.781640625
0.7833984375
0.7865234375
0.7845703125
0.7798828125
0.778515625
0.7806640625
0.7798828125
0.7828125
0.7798828125
0.7732421875
0.775390625
0.7693359375
0.7673828125
0.7751953125
0.7744140625
0.7869140625
0.78984375
0.7892578125
0.7830078125
0.787109375
0.78359375
0.7810546875
0.78046875
0.7806640625
0.78125
0.7794921875
0.7775390625
0.784375
0.781640625
0.783984375
0.7845703125
0.7859375
0.7828125
0.783203125
0.7802734375
0.7865234375
0.788671875
0.7865234375
0.781640625
0.7796875
0.7732421875
0.77109375
0.780859375
0.7822265625
0.7849609375
0.7892578125
0.783984375
0.7873046875
0.786328125
0.785546875
0.783984375
0.7736328125
0.7806640625
0.78125
0.7826171875
0.781640625
0.781640625
0.784375
0.787109375
0.78125
0.781640625
0.781640625
0.7763671875
0.7724609375
0.7794921875
0.7865234375
0.78671875
0.7896484375
0.7873046875
0.783984375
0.781640625
0.7759765625
0.772265625
0.766796875
0.7712890625
0.76875
0.775390625
0.782421875
0.7798828125
0.786328125
0.78515625
0.7841796875
0.7880859375
0.7890625
0.7857421875
0.78828125
0.7947265625
0.7974609375
0.7921875
0.7892578125
0.7912109375
0.7990234375
0.7982421875
0.799609375
0.7994140625
0.7986328125
0.797265625
0.7916015625
0.7896484375
0.790234375
0.790625
0.7919921875
0.794140625
0.8005859375
0.79375
0.79140625
0.7900390625
0.7892578125
0.78671875
0.79140625
0.7890625
0.7908203125
0.79453125
0.79375
0.7955078125
0.7955078125
0.79296875
0.7953125
0.79375
0.7927734375
0.79375
0.7931640625
0.7982421875
0.7974609375
0.7962890625
0.7900390625
0.792578125
0.7908203125
0.793359375
0.7904296875
0.7921875
0.789453125
0.787890625
0.7888671875
0.787109375
0.7859375
0.792578125
0.7966796875
0.7935546875
0.79453125
0.79296875
0.790234375
0.7888671875
0.7916015625
0.7923828125
0.795703125
0.79921875
0.796875
0.7966796875
0.7994140625
0.801953125
0.8017578125
0.798046875
0.8009765625
0.801953125
0.8052734375
0.803515625
0.807421875
0.8103515625
0.80546875
0.809765625
0.80390625
0.8052734375
0.8017578125
0.8046875
0.809375
0.8078125
0.80546875
0.80546875
0.80078125
0.8009765625
0.8005859375
0.796484375
0.796875
0.79609375
0.79765625
0.79609375
0.7978515625
0.8009765625
0.800390625
0.8005859375
0.8013671875
0.80625
0.8044921875
0.8044921875
0.8052734375
0.8015625
0.796875
0.7978515625
0.80234375
0.8037109375
0.80078125
0.8068359375
0.8080078125
0.8087890625
0.8060546875
0.8056640625
0.8046875
0.8076171875
0.8095703125
0.8068359375
0.806640625
0.8052734375
0.8021484375
0.801953125
0.8046875
0.80625
0.805078125
0.80625
0.8078125
0.8099609375
0.8123046875
0.8087890625
0.810546875
0.8111328125
0.8052734375
0.8064453125
0.80859375
0.815625
0.81484375
0.8181640625
0.817578125
0.8189453125
0.8181640625
0.8173828125
0.8169921875
0.8197265625
0.8162109375
0.8123046875
0.8140625
0.81328125
0.8166015625
0.81796875
0.8130859375
0.8177734375
0.81875
0.8193359375
0.8212890625
0.82421875
0.82890625
0.82734375
0.8251953125
0.825
0.8267578125
0.8294921875
0.8267578125
0.8267578125
0.824609375
0.827734375
0.825390625
0.8248046875
0.824609375
0.8177734375
0.8201171875
0.8185546875
0.8216796875
0.81875
0.8154296875
0.81796875
0.818359375
0.8205078125
0.8203125
0.8255859375
0.8263671875
0.8279296875
0.8298828125
0.8314453125
0.8294921875
0.8330078125
0.8357421875
0.8341796875
0.8287109375
0.8296875
0.83046875
0.832421875
0.8322265625
0.830859375
0.8345703125
0.8322265625
0.8318359375
0.831640625
0.83125
0.8302734375
0.83046875
0.8341796875
0.8337890625
0.8337890625
0.828125
0.823828125
0.8248046875
0.826953125
0.8248046875
0.8267578125
0.8318359375
0.83515625
0.833203125
0.8357421875
0.83359375
0.8318359375
0.8296875
0.8333984375
0.8359375
0.83203125
0.83125
0.834375
0.836328125
0.8365234375
0.8357421875
0.833203125
0.8345703125
0.8345703125
0.8353515625
0.83671875
0.8369140625
0.834765625
0.8314453125
0.830078125
0.83046875
0.829296875
0.826953125
0.8314453125
0.826953125
0.8255859375
0.8263671875
0.8294921875
0.830078125
0.8328125
0.8328125
0.8302734375
0.8306640625
0.830859375
0.82890625
0.8310546875
0.8318359375
0.828125
0.8318359375
0.831640625
0.8330078125
0.8361328125
0.8396484375
0.8390625
0.83984375
0.8388671875
0.8380859375
0.8396484375
0.8451171875
0.844921875
0.844140625
0.8462890625
0.8423828125
0.8435546875
0.8412109375
0.8455078125
0.847265625
0.8470703125
0.8455078125
0.846484375
0.8478515625
0.848828125
0.84765625
0.846875
0.8462890625
0.8439453125
0.83984375
0.8435546875
0.847265625
0.8505859375
0.8498046875
0.8513671875
0.8484375
0.8521484375
0.8525390625
0.85703125
0.855859375
0.86015625
0.855859375
0.858203125
0.857421875
0.8560546875
0.8568359375
0.854296875
0.855859375
0.8544921875
0.855078125
0.855859375
0.8572265625
0.8611328125
0.8583984375
0.8638671875
0.8619140625
0.8646484375
0.8626953125
0.8609375
0.8619140625
0.8587890625
0.859765625
0.86171875
0.861328125
0.86015625
0.8625
0.86015625
0.8609375
0.860546875
0.86015625
0.8544921875
0.8521484375
0.8517578125
0.84921875
0.8501953125
0.8529296875
0.8517578125
0.851953125
0.8509765625
0.851171875
0.85546875
0.8556640625
0.85546875
0.8591796875
0.8578125
0.85546875
0.856640625
0.856640625
0.85390625
0.854296875
0.85625
0.8546875
0.85703125
0.8587890625
0.862109375
0.864453125
0.86640625
0.8662109375
0.8650390625
0.8625
0.861328125
0.8615234375
0.864453125
0.8611328125
0.8599609375
0.862109375
0.8615234375
0.8626953125
0.8626953125
0.8634765625
0.865234375
0.8609375
0.859375
0.861328125
0.8611328125
0.8607421875
0.86328125
0.860546875
0.8595703125
0.85859375
0.859375
0.8568359375
0.8599609375
0.855859375
0.8568359375
0.855859375
0.856640625
0.8591796875
0.86171875
0.864453125
0.862109375
0.8615234375
0.8630859375
0.8611328125
0.8619140625
0.864453125
0.865625
0.8666015625
0.86484375
0.86328125
0.8626953125
0.865625
0.864453125
0.8630859375
0.8603515625
0.8615234375
0.86328125
0.8626953125
0.865234375
0.866015625
0.8658203125
0.863671875
0.864453125
0.8626953125
0.8650390625
0.8630859375
0.8634765625
0.8634765625
0.862109375
0.8609375
0.8630859375
0.864453125
0.867578125
0.870703125
0.8716796875
0.8724609375
0.8734375
0.8720703125
0.8720703125
0.87265625
0.871875
0.8734375
0.873828125
0.873046875
0.8748046875
0.873046875
0.873046875
0.8734375
0.8734375
0.871484375
0.8701171875
0.8712890625
0.8724609375
0.8712890625
0.8716796875
0.8728515625
0.871484375
0.8720703125
0.8701171875
0.8720703125
0.8724609375
0.869921875
0.870703125
0.8697265625
0.8689453125
0.8669921875
0.86875
0.869921875
0.872265625
0.8748046875
0.8740234375
0.8755859375
0.87265625
0.872265625
0.873046875
0.8734375
0.873046875
0.8744140625
0.875390625
0.8748046875
0.873828125
0.8732421875
0.8755859375
0.8775390625
0.8767578125
0.8775390625
0.8771484375
0.8751953125
0.878125
0.8796875
0.8787109375
0.8765625
0.87890625
0.8787109375
0.8787109375
0.87890625
0.87890625
0.880078125
0.8794921875
0.880078125
0.8787109375
0.879296875
0.879296875
0.8771484375
0.878125
0.87890625
0.880859375
0.88046875
