0.7876352163461539
0.7877854567307693
0.7878605769230769
0.7870342548076923
0.7890625
0.7892878605769231
0.787109375
0.7897385817307693
0.7927433894230769
0.7911658653846154
0.7914663461538461
0.7958984375
0.7981520432692307
0.7955228365384616
0.7942457932692307
0.7964242788461539
0.7937199519230769
0.7925180288461539
0.7903395432692307
0.7919170673076923
0.7935697115384616
0.7933443509615384
0.7940955528846154
0.7962740384615384
0.7982271634615384
0.7963491586538461
0.7940204326923077
0.7928185096153846
0.7944711538461539
0.7958984375
0.7980769230769231
0.7957481971153846
0.7949969951923077
0.7959735576923077
0.7967998798076923
0.7937950721153846
0.7966496394230769
0.7998046875
0.7992788461538461
0.8034855769230769
0.7979266826923077
0.8029597355769231
0.8019080528846154
0.8008563701923077
0.8009314903846154
0.8016826923076923
0.8018329326923077
0.8017578125
0.8001802884615384
0.8011568509615384
0.8037860576923077
0.8031099759615384
0.8045372596153846
0.8062650240384616
0.8082932692307693
0.8073167067307693
0.8031850961538461
0.806640625
0.8067908653846154
0.7974759615384616
0.8051382211538461
0.8006310096153846
0.8002554086538461
0.8048377403846154
0.8048377403846154
0.8040865384615384
0.8038611778846154
0.8064152644230769
0.8016075721153846
0.7981520432692307
0.8044621394230769
0.8037109375
0.8094200721153846
0.8086688701923077
0.8053635817307693
0.8058894230769231
0.8065655048076923
0.8083683894230769
0.8112229567307693
0.8109975961538461
0.8101712740384616
0.8107722355769231
0.8088942307692307
0.8076171875
0.8106219951923077
0.8143028846153846
0.8123497596153846
0.8091195913461539
0.8110727163461539
0.8125751201923077
0.8130258413461539
0.8114483173076923
0.8114483173076923
0.8147536057692307
0.8115234375
0.8129507211538461
0.8155048076923077
0.8140775240384616
0.8149789663461539
0.8134765625
0.8141526442307693
0.8158052884615384
0.8176832932692307
0.8221905048076923
0.8244441105769231
0.8202373798076923
0.8196364182692307
0.8167067307692307
0.8197866586538461
0.8161808894230769
0.8244441105769231
0.8267728365384616
0.8201622596153846
0.8221153846153846
0.8250450721153846
0.8230919471153846
0.8227163461538461
0.8245192307692307
0.8218900240384616
0.8213641826923077
0.8247445913461539
0.8199368990384616
0.8255709134615384
0.8239182692307693
0.8263972355769231
0.8288762019230769
0.8215895432692307
0.8252704326923077
0.8262469951923077
0.8275991586538461
0.8285757211538461
0.8294771634615384
0.8278996394230769
0.826171875
0.8287259615384616
0.8238431490384616
0.8225661057692307
0.8236177884615384
0.8224158653846154
0.8266225961538461
0.8241436298076923
0.8303786057692307
0.8280498798076923
0.8348858173076923
0.8310546875
0.8314302884615384
0.8294020432692307
0.8288010817307693
0.8317307692307693
0.8297776442307693
0.8366135817307693
0.8351111778846154
0.8347355769230769
0.8347355769230769
0.8374399038461539
0.8403695913461539
0.8422475961538461
0.8425480769230769
0.8432992788461539
0.8433743990384616
0.8393930288461539
0.8407451923076923
0.8434495192307693
0.8450270432692307
0.8451772836538461
0.8432241586538461
0.8450270432692307
0.8466045673076923
0.8458533653846154
0.8463040865384616
0.8493840144230769
0.8486328125
0.8482572115384616
0.8499849759615384
0.8514873798076923
0.8517127403846154
0.8547175480769231
0.8529897836538461
0.8565955528846154
0.8537409855769231
0.8536658653846154
0.8559194711538461
0.8553185096153846
0.8583984375
0.8562950721153846
0.8591496394230769
0.8594501201923077
0.8579477163461539
0.8633563701923077
0.8591496394230769
0.8594501201923077
0.8603515625
0.8580228365384616
0.8617037259615384
0.8602013221153846
0.8592247596153846
0.8584735576923077
0.8603515625
0.8632061298076923
0.8619290865384616
0.8619290865384616
0.8611027644230769
0.8636568509615384
0.8614783653846154
0.8680138221153846
0.8689903846153846
0.8671875
0.869140625
0.8674879807692307
0.8637319711538461
0.8632061298076923
0.8664362980769231
0.8710186298076923
0.8733473557692307
0.8696664663461539
0.8719951923076923
0.8677133413461539
0.8679387019230769
0.8759014423076923
0.8786057692307693
0.8782301682692307
0.8754507211538461
0.8741736778846154
0.8757512019230769
0.8746243990384616
0.8734224759615384
0.8759014423076923
0.8749248798076923
0.8771033653846154
0.8778545673076923
0.8774789663461539
0.8752253605769231
0.8756009615384616
0.8764272836538461
0.8792818509615384
0.8774038461538461
0.8756009615384616
0.8812349759615384
0.8774789663461539
0.8752253605769231
0.8775540865384616
0.8775540865384616
0.8774789663461539
0.880859375
0.8846153846153846
0.8838641826923077
0.8860426682692307
0.8848407451923077
0.8860426682692307
0.8841646634615384
0.8825871394230769
0.88671875
0.8819861778846154
0.8852163461538461
0.8807842548076923
0.8832632211538461
0.8831881009615384
0.8834885817307693
0.8816856971153846
0.8857421875
0.8844651442307693
0.8843149038461539
0.8849158653846154
0.8834885817307693
0.8857421875
0.8843900240384616
0.8864182692307693
0.8897235576923077
0.8883713942307693
0.888671875
0.8843900240384616
0.8881460336538461
0.8856670673076923
0.8901742788461539
0.8912259615384616
0.8950570913461539
0.8950570913461539
0.8940054086538461
0.8937800480769231
0.8925030048076923
0.8926532451923077
0.8955078125
0.8965594951923077
0.8979867788461539
0.8967848557692307
0.8984375
0.9000150240384616
0.9012920673076923
0.8989633413461539
0.9004657451923077
0.9009915865384616
0.8991135817307693
0.9009915865384616
0.9022686298076923
0.900390625
0.9022686298076923
0.9032451923076923
0.9017427884615384
0.9033203125
0.9053485576923077
0.9021183894230769
0.9028695913461539
0.9046724759615384
0.9044471153846154
0.9033954326923077
0.9036959134615384
0.9068509615384616
0.9092548076923077
0.9096304086538461
0.9102313701923077
0.9086538461538461
0.9081280048076923
0.9085036057692307
0.9075270432692307
0.9075270432692307
0.9120342548076923
0.9107572115384616
0.9115835336538461
0.9129356971153846
0.9127103365384616
0.9132361778846154
0.9139873798076923
0.9140625
0.9130859375
0.9126352163461539
0.9115084134615384
0.9119591346153846
0.9132361778846154
0.9115084134615384
0.9130108173076923
0.9151141826923077
0.9130859375
0.9116586538461539
0.9142878605769231
0.9165414663461539
0.9155649038461539
0.9162409855769231
0.9152644230769231
0.9185697115384616
0.9171424278846154
0.916015625
0.9165414663461539
0.9182692307692307
0.9163912259615384
0.9164663461538461
0.9132361778846154
0.9178185096153846
0.9189453125
0.9142878605769231
0.9144381009615384
0.9152644230769231
0.9165414663461539
0.9172175480769231
0.9186448317307693
0.9150390625
0.9192457932692307
0.9200721153846154
0.9183443509615384
0.9229266826923077
0.9247295673076923
0.9263070913461539
0.9282602163461539
0.9248046875
0.9266075721153846
0.9258563701923077
0.9257061298076923
0.9226262019230769
0.923828125
0.9244290865384616
0.9267578125
0.9272836538461539
0.9268329326923077
0.9260066105769231
0.9272836538461539
0.9272085336538461
0.9256310096153846
0.9278094951923077
0.9266075721153846
0.9272085336538461
0.9267578125
0.9271334134615384
0.9264573317307693
0.92578125
0.9267578125
0.9257061298076923
0.9233774038461539
0.9220252403846154
0.9214242788461539
0.9211237980769231
0.9230018028846154
0.9199969951923077
0.9213491586538461
0.9217998798076923
0.9228515625
0.921875
0.9242037259615384
0.9243539663461539
0.9260817307692307
0.9253305288461539
0.9236778846153846
0.9246544471153846
0.9246544471153846
0.9255558894230769
0.9248798076923077
0.9260066105769231
0.9269831730769231
0.9286358173076923
0.9257061298076923
0.9266075721153846
0.9279597355769231
0.9286358173076923
0.9272085336538461
0.9260817307692307
0.9227013221153846
0.9261568509615384
0.9281099759615384
0.9321664663461539
0.9299879807692307
0.9289362980769231
0.9264573317307693
0.9282602163461539
0.9275841346153846
0.9269831730769231
0.9279597355769231
0.9261568509615384
0.9268329326923077
0.9294621394230769
0.9291616586538461
0.9302884615384616
0.9285606971153846
0.9290114182692307
0.9302884615384616
0.9311147836538461
0.9335186298076923
0.9326171875
0.9344200721153846
0.9366736778846154
0.9368239182692307
0.9350210336538461
0.9345703125
0.9346454326923077
0.9350961538461539
0.9344200721153846
0.9344200721153846
0.9331430288461539
0.9347956730769231
0.9349459134615384
0.9341195913461539
0.9352463942307693
0.9333683894230769
0.9375751201923077
0.9359224759615384
0.9365985576923077
0.9371243990384616
0.9379507211538461
0.9369741586538461
0.9391526442307693
0.9387770432692307
0.9391526442307693
0.9392277644230769
0.9375751201923077
0.9386268028846154
0.9379507211538461
0.9393028846153846
0.9364483173076923
0.9373497596153846
0.9368239182692307
0.9391526442307693
0.9393028846153846
0.9372746394230769
0.9371995192307693
0.9368239182692307
0.9359975961538461
0.9363731971153846
0.9365234375
0.9356219951923077
0.9357722355769231
0.9374248798076923
0.9370492788461539
0.9381760817307693
0.9369741586538461
0.9344200721153846
0.9371243990384616
0.9375751201923077
0.9375751201923077
0.9381009615384616
0.9382512019230769
0.9378004807692307
0.9390024038461539
0.9388521634615384
0.9386268028846154
0.9390775240384616
0.9371243990384616
0.9375
0.9369741586538461
0.9363731971153846
0.9356971153846154
0.9338942307692307
0.9360727163461539
0.9338942307692307
0.9344951923076923
0.9369741586538461
0.9352463942307693
0.9368990384615384
0.9362980769230769
0.9334435096153846
0.9347205528846154
0.9350210336538461
0.93359375
0.9323918269230769
0.9329176682692307
0.9319411057692307
0.9330679086538461
0.9331430288461539
0.9330679086538461
0.9357722355769231
0.9324669471153846
0.9358473557692307
0.9346454326923077
0.9362980769230769
0.9344951923076923
0.9350961538461539
0.9356971153846154
0.9377253605769231
0.9378004807692307
0.9387019230769231
0.9384014423076923
0.9384765625
0.939453125
0.9408052884615384
0.9375751201923077
0.9373497596153846
0.9353215144230769
0.9360727163461539
0.9368239182692307
0.9368239182692307
0.9377253605769231
0.9377253605769231
0.9393028846153846
0.9390024038461539
0.9380258413461539
0.9380258413461539
0.9374248798076923
0.9367487980769231
0.9379507211538461
0.9396033653846154
0.9370492788461539
0.9375
0.9378756009615384
0.9411057692307693
0.9418569711538461
0.94140625
0.9421574519230769
0.9431340144230769
0.9428335336538461
0.9440354567307693
0.9451622596153846
0.9448617788461539
0.9453125
0.9452373798076923
0.943359375
0.9430588942307693
0.9447866586538461
0.9444861778846154
0.9441856971153846
0.9438852163461539
0.9420072115384616
0.9405799278846154
0.9399789663461539
0.9396784855769231
0.9405048076923077
0.9396784855769231
0.9399789663461539
0.9400540865384616
0.9391526442307693
0.9391526442307693
0.9400540865384616
0.9407301682692307
0.9376502403846154
0.9398287259615384
0.9408052884615384
0.9403545673076923
0.9399038461538461
0.9391526442307693
0.9390775240384616
0.9402794471153846
0.9393028846153846
0.9370492788461539
0.9402794471153846
0.9405799278846154
0.9420072115384616
0.9406550480769231
0.9417818509615384
0.9426081730769231
0.9426081730769231
0.9421574519230769
0.9407301682692307
0.9420823317307693
0.9453876201923077
0.9445612980769231
0.9450120192307693
0.9464393028846154
0.9462890625
0.9460637019230769
0.9458383413461539
0.9461388221153846
0.9450120192307693
0.9465144230769231
0.9461388221153846
0.9439603365384616
0.9444110576923077
0.9452373798076923
0.9429837740384616
0.9386268028846154
0.9419320913461539
0.9403545673076923
0.9389272836538461
0.9402794471153846
0.9414813701923077
0.9397536057692307
0.9404296875
0.9390775240384616
0.9399789663461539
0.9396033653846154
0.9387770432692307
0.9398287259615384
0.9399789663461539
0.9416316105769231
0.9415564903846154
0.9413311298076923
0.9398287259615384
0.9396033653846154
0.9405048076923077
0.9422325721153846
0.9412560096153846
0.9430588942307693
0.9442608173076923
0.9420823317307693
0.9411808894230769
0.9414813701923077
0.9404296875
0.9399789663461539
0.9377253605769231
0.9382512019230769
0.9404296875
0.9414813701923077
0.9407301682692307
0.9416316105769231
0.9423828125
0.9417067307692307
0.9436598557692307
0.9441856971153846
0.9430588942307693
0.9429837740384616
0.9442608173076923
0.9420072115384616
0.9430588942307693
0.9438100961538461
0.9431340144230769
0.9427584134615384
0.9423076923076923
0.9414813701923077
0.9422325721153846
0.9396784855769231
0.9424579326923077
0.9407301682692307
0.9431340144230769
0.9423076923076923
0.9438100961538461
0.9410306490384616
0.9420072115384616
0.9435096153846154
0.9429837740384616
0.9435847355769231
0.9432842548076923
0.9446364182692307
0.943359375
0.9435096153846154
0.9449368990384616
0.9438852163461539
0.9418569711538461
0.9434344951923077
0.9458383413461539
0.9462139423076923
0.9458383413461539
0.9450871394230769
0.9450871394230769
0.9441105769230769
0.9441856971153846
0.9465144230769231
0.9428335336538461
0.9442608173076923
0.9435096153846154
0.9438100961538461
0.9442608173076923
0.9440354567307693
0.9477163461538461
0.9477163461538461
0.9469651442307693
0.9464393028846154
0.9456129807692307
0.9450120192307693
0.9450120192307693
0.9451622596153846
0.9467397836538461
0.9447115384615384
0.9422325721153846
0.9441105769230769
0.9450871394230769
0.9453876201923077
0.9435096153846154
0.9428335336538461
0.9445612980769231
0.9458383413461539
0.9425330528846154
0.9432091346153846
0.9429086538461539
0.9417818509615384
0.9423076923076923
0.9444861778846154
0.9432842548076923
0.9423076923076923
0.9404296875
0.9371243990384616
0.9390024038461539
0.9380258413461539
0.9388521634615384
0.9373497596153846
0.9381760817307693
0.9399038461538461
0.9387019230769231
0.9384014423076923
0.9376502403846154
0.9391526442307693
0.9389272836538461
0.9401292067307693
0.9417818509615384
0.9412560096153846
0.9420072115384616
0.9401292067307693
0.9389272836538461
0.9426081730769231
0.9412560096153846
0.9392277644230769
0.9410306490384616
0.9431340144230769
0.9426832932692307
0.9436598557692307
0.9438100961538461
0.9431340144230769
0.9408052884615384
0.9381760817307693
0.9390024038461539
0.9382512019230769
0.9381009615384616
0.9391526442307693
0.9387770432692307
0.9378756009615384
0.9356219951923077
0.9358473557692307
0.9328425480769231
0.9334435096153846
0.9353215144230769
0.9337439903846154
0.9329176682692307
0.9276592548076923
0.9307391826923077
0.9303635817307693
0.9283353365384616
0.9303635817307693
0.9286358173076923
0.9262319711538461
0.9242037259615384
0.9252554086538461
0.9231520432692307
0.9227013221153846
0.9190955528846154
0.9190955528846154
0.9135366586538461
0.9135366586538461
0.9072265625
0.9087289663461539
0.9115835336538461
0.9038461538461539
0.9060997596153846
0.9072265625
0.9057241586538461
0.9058743990384616
0.9000150240384616
0.8997145432692307
0.8959585336538461
0.8865685096153846
0.8903245192307693
0.8894981971153846
0.884765625
0.8840144230769231
0.8831129807692307
0.8754507211538461
0.8711688701923077
0.8766526442307693
0.8740234375
0.8740985576923077
0.8688401442307693
0.8626051682692307
0.8599759615384616
0.8612530048076923
0.85546875
0.8511868990384616
0.8520883413461539
0.8429236778846154
0.8400691105769231
0.8372145432692307
0.8402193509615384
0.8352614182692307
0.8331580528846154
0.8274489182692307
0.8251953125
0.8188100961538461
0.8198617788461539
0.814453125
0.8090444711538461
0.8033353365384616
0.7998798076923077
0.7954477163461539
0.7922175480769231
0.7892878605769231
0.7870342548076923
0.7785456730769231
0.7732121394230769
0.7727614182692307
0.7730618990384616
0.7703575721153846
0.7681790865384616
0.767578125
0.7605919471153846
0.759765625
0.7598407451923077
0.7602163461538461
0.7551081730769231
0.7551081730769231
0.7557091346153846
0.7520282451923077
0.7567608173076923
0.7571364182692307
0.7491736778846154
0.7481971153846154
0.7415865384615384
0.7438401442307693
0.7364032451923077
0.7367788461538461
0.7359525240384616
0.7264873798076923
0.7196514423076923
0.7171724759615384
0.7208533653846154
0.7118389423076923
0.7055288461538461
0.6983924278846154
0.693359375
0.6886268028846154
0.6867487980769231
0.6843449519230769
0.6858473557692307
0.6848707932692307
0.6808894230769231
0.6856219951923077
0.6790114182692307
0.6782602163461539
0.6817908653846154
0.6809645432692307
0.6817157451923077
0.6809645432692307
0.6853215144230769
0.68359375
0.6799879807692307
0.6841195913461539
0.6846454326923077
0.6823167067307693
0.6789362980769231
0.6724759615384616
0.6797626201923077
0.6760066105769231
0.6704477163461539
0.6803635817307693
0.6725510817307693
0.6772836538461539
0.6817157451923077
0.67578125
0.6798377403846154
0.6760066105769231
0.6764573317307693
0.6807391826923077
0.6763822115384616
0.6849459134615384
0.6761568509615384
0.6796875
0.6774338942307693
0.6808143028846154
0.6763070913461539
0.6717247596153846
0.6787860576923077
0.6761568509615384
0.6796123798076923
0.6827674278846154
0.6764573317307693
0.6808894230769231
0.6786358173076923
0.6811147836538461
0.6864483173076923
0.6809645432692307
0.6739032451923077
0.6817908653846154
0.6817157451923077
0.6774338942307693
0.6796123798076923
0.6812650240384616
0.6795372596153846
0.6780348557692307
0.6805138221153846
0.6811899038461539
0.6812650240384616
0.6754807692307693
0.6773587740384616
0.6814152644230769
0.6768329326923077
0.6787109375
0.6757061298076923
0.673828125
0.6765324519230769
0.6802884615384616
0.6814152644230769
0.6763070913461539
0.6784104567307693
0.6798377403846154
0.67578125
0.6749549278846154
0.677734375
0.6746544471153846
0.67578125
0.6751051682692307
0.6737530048076923
0.6775090144230769
0.6770582932692307
0.6742037259615384
0.6786358173076923
0.6745793269230769
0.6727764423076923
0.6744290865384616
0.6744290865384616
0.6808894230769231
0.6826171875
0.6791616586538461
0.6766075721153846
0.6770582932692307
0.6730018028846154
0.6763070913461539
0.6809645432692307
0.6797626201923077
0.6715745192307693
0.6712740384615384
0.6742788461538461
0.6725510817307693
0.6796123798076923
0.6823167067307693
0.6797626201923077
0.6736778846153846
0.6773587740384616
0.6724759615384616
0.6760066105769231
0.6806640625
0.6727013221153846
0.6714242788461539
0.6752554086538461
0.6724759615384616
0.6782602163461539
0.6707481971153846
0.6761568509615384
0.6770582932692307
0.6714242788461539
0.6802133413461539
0.6790865384615384
0.6789362980769231
0.671875
0.6775090144230769
0.6772085336538461
0.6755558894230769
0.6761568509615384
0.6752554086538461
0.6733774038461539
0.6727764423076923
0.6807391826923077
0.6669170673076923
0.6736027644230769
0.6787109375
0.6783353365384616
0.6751802884615384
0.6772085336538461
0.6826923076923077
0.6737530048076923
0.6706730769230769
0.6760817307692307
