0.6961388221153846
0.6787109375
0.6691706730769231
0.6726262019230769
0.669921875
0.6774338942307693
0.6739032451923077
0.6742037259615384
0.6778846153846154
0.6754807692307693
0.6767578125
0.681640625
0.6770582932692307
0.6736778846153846
0.6748046875
0.6743539663461539
0.6717998798076923
0.6711237980769231
0.6704477163461539
0.673828125
0.6756310096153846
0.6755558894230769
0.6731520432692307
0.6708984375
0.6779597355769231
0.6769831730769231
0.6752554086538461
0.6767578125
0.6781850961538461
0.6769831730769231
0.677734375
0.6762319711538461
0.6705979567307693
0.6770582932692307
0.6772836538461539
0.6744290865384616
0.6719501201923077
0.6739032451923077
0.6779597355769231
0.6752554086538461
0.6714242788461539
0.6696965144230769
0.6791616586538461
0.6784104567307693
0.6771334134615384
0.6743539663461539
0.67578125
0.6751802884615384
0.6764573317307693
0.6790114182692307
0.6771334134615384
0.6755558894230769
0.6768329326923077
0.6779597355769231
0.6835186298076923
0.6744290865384616
0.6791616586538461
0.6733774038461539
0.6741286057692307
0.6778846153846154
0.6769831730769231
0.6678936298076923
0.6765324519230769
0.6781850961538461
0.671875
0.6742037259615384
0.6748046875
0.6737530048076923
0.6786358173076923
0.6805138221153846
0.6747295673076923
0.6713491586538461
0.6712740384615384
0.6794621394230769
0.6844951923076923
0.6790114182692307
0.6808894230769231
0.6771334134615384
0.6820913461538461
0.6748046875
0.6753305288461539
0.6755558894230769
0.6784855769230769
0.6784855769230769
0.6750300480769231
0.6809645432692307
0.6892277644230769
0.6736778846153846
0.6752554086538461
0.6829176682692307
0.6762319711538461
0.6845703125
0.6823167067307693
0.6818659855769231
0.6793118990384616
0.6760817307692307
0.6799128605769231
0.6826923076923077
0.6786358173076923
0.6790114182692307
0.6742037259615384
0.6794621394230769
0.6796875
0.6807391826923077
0.6747295673076923
0.6730018028846154
0.6770582932692307
0.6821664663461539
0.6760817307692307
0.6769831730769231
0.6790114182692307
0.6769080528846154
0.6811147836538461
0.6760066105769231
0.6776592548076923
0.6852463942307693
0.6787109375
0.6760817307692307
0.6805138221153846
0.6796123798076923
0.6823918269230769
0.6799128605769231
0.6748798076923077
0.6747295673076923
0.6727013221153846
0.6838942307692307
0.6832932692307693
0.6835186298076923
0.6782602163461539
0.6784104567307693
0.6821664663461539
0.6784104567307693
0.6776592548076923
0.6812650240384616
0.6790865384615384
0.6832932692307693
0.6787109375
0.6824669471153846
0.6754807692307693
0.6822415865384616
0.6817157451923077
0.6799879807692307
0.6805889423076923
0.6813401442307693
0.6749549278846154
0.6804387019230769
0.6871995192307693
0.685546875
0.6754807692307693
0.6865985576923077
0.6784104567307693
0.6838942307692307
0.6805889423076923
0.685546875
0.6803635817307693
0.6780348557692307
0.6751051682692307
0.6840444711538461
0.6865985576923077
0.6826923076923077
0.6798377403846154
0.6797626201923077
0.6892277644230769
0.6851712740384616
0.6787109375
0.6810396634615384
0.677734375
0.6778846153846154
0.6878004807692307
0.6865985576923077
0.6850961538461539
0.6778094951923077
0.6829176682692307
0.6851712740384616
0.6822415865384616
0.6887770432692307
0.6837439903846154
0.6814903846153846
0.6863731971153846
0.6873497596153846
0.6820913461538461
0.6829927884615384
0.6797626201923077
0.6829927884615384
0.6829176682692307
0.6789362980769231
0.6860727163461539
0.6794621394230769
0.6860727163461539
0.6826923076923077
0.6826171875
0.6849459134615384
0.6853966346153846
0.6810396634615384
0.6808143028846154
0.6815655048076923
0.6793118990384616
0.6861478365384616
0.685546875
0.6886268028846154
0.6805889423076923
0.6852463942307693
0.6845703125
0.6814903846153846
0.6859975961538461
0.6788611778846154
0.6851712740384616
0.6799879807692307
0.6767578125
0.6877253605769231
0.6875
0.6878756009615384
0.6878756009615384
0.6908052884615384
0.6890775240384616
0.6870492788461539
0.685546875
0.6873497596153846
0.6838191105769231
0.6844200721153846
0.6879507211538461
0.6854717548076923
0.6820913461538461
0.6865234375
0.6875
0.6909555288461539
0.6802884615384616
0.6830679086538461
0.6865985576923077
0.6791616586538461
0.6865234375
0.6904296875
0.6891526442307693
0.6822415865384616
0.6890024038461539
0.6903545673076923
0.6847205528846154
0.6861478365384616
0.6875751201923077
0.6829176682692307
0.6821664663461539
0.6850210336538461
0.6832932692307693
0.6851712740384616
0.6831430288461539
0.6850961538461539
0.6843449519230769
0.6901292067307693
0.6878756009615384
0.6875751201923077
0.6877253605769231
0.6840444711538461
0.6815655048076923
0.6781850961538461
0.6841947115384616
0.6923828125
0.6904296875
0.6881009615384616
0.6838191105769231
0.6840444711538461
0.6823167067307693
0.6814903846153846
0.6865985576923077
0.6844200721153846
0.6880258413461539
0.6883263221153846
0.6858473557692307
0.6878756009615384
0.6882512019230769
0.6851712740384616
0.6893780048076923
0.6905799278846154
0.6905799278846154
0.6891526442307693
0.6858473557692307
0.6823167067307693
0.6854717548076923
0.6906550480769231
0.6887770432692307
0.6817908653846154
0.6835186298076923
0.6853966346153846
0.6907301682692307
0.6821664663461539
0.6915564903846154
0.6899038461538461
0.6831430288461539
0.6873497596153846
0.6838942307692307
0.6917067307692307
0.6909555288461539
0.6828425480769231
0.6924579326923077
0.6888521634615384
0.6962139423076923
0.6881760817307693
0.6920823317307693
0.6890775240384616
0.6905799278846154
0.6843449519230769
0.6908052884615384
0.6923076923076923
0.6870492788461539
0.6998197115384616
0.6899789663461539
0.6992938701923077
0.6847956730769231
0.6927584134615384
0.6884014423076923
0.6856971153846154
0.6883263221153846
0.6917818509615384
0.6868239182692307
0.6843449519230769
0.6874248798076923
0.6836688701923077
0.6858473557692307
0.6862229567307693
0.6927584134615384
0.6892277644230769
0.6841947115384616
0.6863731971153846
0.6856971153846154
0.6871243990384616
0.6848707932692307
0.6926081730769231
0.6900540865384616
0.6926081730769231
0.6895282451923077
0.6926081730769231
0.6869741586538461
0.6910306490384616
0.6847205528846154
0.6892277644230769
0.6868239182692307
0.6896784855769231
0.6938100961538461
0.6937349759615384
0.6929086538461539
0.6896784855769231
0.6902043269230769
0.6955378605769231
0.6904296875
0.6983924278846154
0.6924579326923077
0.6957632211538461
0.6936598557692307
0.6931340144230769
0.6893028846153846
0.6931340144230769
0.6881009615384616
0.6963641826923077
0.6891526442307693
0.6927584134615384
0.6877253605769231
0.6886268028846154
0.6917818509615384
0.6905048076923077
0.6941856971153846
0.6930588942307693
0.6912560096153846
0.6965895432692307
0.6862980769230769
0.6891526442307693
0.6859975961538461
0.6841195913461539
0.6872746394230769
0.6934344951923077
0.6941105769230769
0.6906550480769231
0.6960637019230769
0.6893028846153846
0.6895282451923077
0.6931340144230769
0.6965895432692307
0.6923828125
0.6962139423076923
0.6871243990384616
0.6886268028846154
0.6954627403846154
0.6897536057692307
0.6923076923076923
0.6966646634615384
0.6929086538461539
0.6870492788461539
0.6896033653846154
0.6995192307692307
0.6926081730769231
0.6919320913461539
0.6947866586538461
0.6921574519230769
0.6925330528846154
0.6917067307692307
0.6960637019230769
0.6968900240384616
0.6993689903846154
0.6990685096153846
0.6859975961538461
0.6991436298076923
0.6930588942307693
0.6949368990384616
0.6959134615384616
0.6965895432692307
0.6903545673076923
0.6886268028846154
0.6950120192307693
0.7041015625
0.6959885817307693
0.6974909855769231
0.6950120192307693
0.6959134615384616
0.6950120192307693
0.6940354567307693
0.7025240384615384
0.6968149038461539
0.6908052884615384
0.6971905048076923
0.6915564903846154
0.6938100961538461
0.6939603365384616
0.6940354567307693
0.6944861778846154
0.6922325721153846
0.6958383413461539
0.6935096153846154
0.6944110576923077
0.7014723557692307
0.6995943509615384
0.7004206730769231
0.6960637019230769
0.6941105769230769
0.6950120192307693
0.6973407451923077
0.6981670673076923
0.6935096153846154
0.6936598557692307
0.6980168269230769
0.6963641826923077
0.6955378605769231
0.7004206730769231
0.6931340144230769
0.6935847355769231
0.6932091346153846
0.6959885817307693
0.6988431490384616
0.693359375
0.6961388221153846
0.6965895432692307
0.7001201923076923
0.6973407451923077
0.6976412259615384
0.6971153846153846
0.6953125
0.6980168269230769
0.6937349759615384
0.6957632211538461
0.6941105769230769
0.6980168269230769
0.6961388221153846
0.6926832932692307
0.6970402644230769
0.6923828125
0.6999699519230769
0.6948617788461539
0.6981670673076923
0.6902794471153846
0.6968149038461539
0.6971905048076923
0.6977163461538461
0.7018479567307693
0.6982421875
0.7019981971153846
0.6973407451923077
0.6934344951923077
0.6984675480769231
0.6999699519230769
0.6952373798076923
0.6986929086538461
0.7035757211538461
0.6962139423076923
0.6928335336538461
0.6932842548076923
0.6991436298076923
0.7000450721153846
0.6949368990384616
0.6980168269230769
0.6954627403846154
0.6939603365384616
0.7018479567307693
0.7034254807692307
0.7035757211538461
0.7023737980769231
0.7081580528846154
0.7035006009615384
0.701171875
0.6994441105769231
0.6995192307692307
0.6988431490384616
0.7038010817307693
0.701171875
0.7016977163461539
0.7016977163461539
0.6968900240384616
0.6944110576923077
0.7001201923076923
0.7016977163461539
0.7038010817307693
0.7043269230769231
0.7023737980769231
0.697265625
0.7021484375
0.6998948317307693
0.7041766826923077
0.7012469951923077
0.7036508413461539
0.6998948317307693
0.6964393028846154
0.6994441105769231
0.7012469951923077
0.6973407451923077
0.6995943509615384
0.6958383413461539
0.6926081730769231
0.6990685096153846
0.6983924278846154
0.7005709134615384
0.7016977163461539
0.7041015625
0.7051532451923077
0.7007211538461539
0.7053034855769231
0.69921875
0.7003455528846154
0.6923076923076923
0.7003455528846154
0.7052283653846154
0.7003455528846154
0.6965144230769231
0.6975661057692307
0.6966646634615384
0.7014723557692307
0.7032752403846154
0.7004206730769231
0.7046274038461539
0.7032001201923077
0.6976412259615384
0.7016977163461539
0.7068810096153846
0.7013221153846154
0.6996694711538461
0.7010216346153846
0.7012469951923077
0.7047025240384616
0.7009465144230769
0.6997445913461539
0.6985426682692307
0.7044771634615384
0.7050030048076923
0.7014723557692307
0.7016977163461539
0.7093599759615384
0.7026742788461539
0.7059044471153846
0.7079326923076923
0.7038010817307693
0.7036508413461539
0.7020733173076923
0.7073317307692307
0.7030498798076923
0.7071063701923077
0.7056039663461539
0.7020733173076923
0.7024489182692307
0.7027493990384616
0.7087590144230769
0.7032001201923077
0.7053786057692307
0.7103365384615384
0.7079326923076923
0.7069561298076923
0.7113131009615384
0.7130408653846154
0.7080829326923077
0.708984375
0.7050030048076923
0.7085336538461539
0.7104867788461539
0.7140925480769231
0.7080078125
0.705078125
0.7058293269230769
0.7052283653846154
0.7080829326923077
0.7078575721153846
0.7001201923076923
0.7046274038461539
0.7019230769230769
0.7093599759615384
0.7016977163461539
0.7069561298076923
0.7108623798076923
0.7099609375
0.7069561298076923
0.7077073317307693
0.7113882211538461
0.7074068509615384
0.7026742788461539
0.7035006009615384
0.7007962740384616
0.7007211538461539
0.7030498798076923
0.7032752403846154
0.7127403846153846
0.7111628605769231
0.7095102163461539
0.7058293269230769
0.7086838942307693
0.7087590144230769
0.7051532451923077
0.7047025240384616
0.7066556490384616
0.7065805288461539
0.7122145432692307
0.7058293269230769
0.7032752403846154
0.7013221153846154
0.7038762019230769
0.7042518028846154
0.7060546875
0.7065054086538461
0.7080829326923077
0.7068810096153846
0.7077824519230769
0.7069561298076923
0.7091346153846154
0.7056790865384616
0.705078125
0.7058293269230769
0.7074819711538461
0.7131159855769231
0.7116887019230769
0.7110126201923077
0.7106370192307693
0.7073317307692307
0.7077824519230769
0.7116887019230769
0.7071814903846154
0.7092848557692307
0.7110877403846154
0.7092848557692307
0.7158954326923077
0.7106370192307693
0.7143930288461539
0.7142427884615384
0.712890625
0.7140174278846154
0.7111628605769231
0.7129657451923077
0.7140925480769231
0.7055288461538461
0.7111628605769231
0.7119891826923077
0.7129657451923077
0.7065054086538461
0.7123647836538461
0.7110877403846154
0.7124399038461539
0.7092097355769231
0.7119140625
0.7178485576923077
0.7134915865384616
0.7119140625
0.7076322115384616
0.7155949519230769
0.7120643028846154
0.7134915865384616
0.7140925480769231
0.7122145432692307
0.7116135817307693
0.7114633413461539
0.7169471153846154
0.7114633413461539
0.7075570913461539
0.7133413461538461
0.7091346153846154
0.7178485576923077
0.7170222355769231
0.7161959134615384
0.7150691105769231
0.7102614182692307
0.7056790865384616
0.7074819711538461
0.7080078125
0.7144681490384616
0.7088341346153846
0.70703125
0.7098106971153846
0.7101111778846154
0.7113882211538461
0.7132662259615384
0.7093599759615384
0.7122145432692307
0.7139423076923077
0.7155949519230769
0.7131159855769231
0.7158954326923077
0.7121394230769231
0.7130408653846154
0.7125150240384616
0.7136418269230769
0.7134164663461539
0.7115384615384616
0.7116887019230769
0.7083082932692307
0.7125150240384616
0.7172475961538461
0.7115384615384616
0.7110126201923077
0.7143930288461539
0.7107872596153846
0.7147686298076923
0.7118389423076923
0.7102614182692307
0.7133413461538461
0.7125901442307693
0.7152944711538461
0.7108623798076923
0.7115384615384616
0.7176983173076923
0.7125150240384616
0.7163461538461539
0.7149939903846154
0.7153695913461539
0.7140174278846154
0.7125150240384616
0.7129657451923077
0.7133413461538461
0.7150691105769231
0.7182241586538461
0.71484375
0.7157451923076923
0.7140174278846154
0.7167217548076923
0.7130408653846154
0.7181490384615384
0.7123647836538461
0.7185997596153846
0.7147686298076923
0.7162710336538461
0.7176231971153846
0.7173978365384616
0.7170222355769231
0.7104867788461539
0.7150691105769231
0.7140174278846154
0.7214543269230769
0.7228816105769231
0.7213040865384616
0.7151442307692307
0.7201772836538461
0.71875
0.7194260817307693
0.7120643028846154
0.7190504807692307
0.7143179086538461
0.7157451923076923
0.7185997596153846
0.7185246394230769
0.7125150240384616
0.7201021634615384
0.7157451923076923
0.7141676682692307
0.7167217548076923
0.7182241586538461
0.7140174278846154
0.7176231971153846
0.7155198317307693
0.7192758413461539
0.7192007211538461
0.7142427884615384
0.7071063701923077
0.7206280048076923
0.7185997596153846
0.7168719951923077
0.7214543269230769
0.7154447115384616
0.7180739182692307
0.7165715144230769
0.7140925480769231
0.7165715144230769
0.7177734375
0.7200270432692307
0.7186748798076923
0.7190504807692307
0.7194260817307693
0.7222055288461539
0.7176231971153846
0.7243840144230769
0.7150691105769231
0.7191256009615384
0.7150691105769231
0.71875
0.7182992788461539
0.7227313701923077
0.7211538461538461
0.7229567307692307
0.7205528846153846
0.7234074519230769
0.7237079326923077
0.7222055288461539
0.720703125
0.7243840144230769
0.7232572115384616
0.7307692307692307
0.7213792067307693
0.7281400240384616
0.7236328125
0.7255108173076923
0.7217548076923077
0.7253605769230769
0.7252854567307693
0.7267878605769231
0.7257361778846154
0.7310697115384616
0.724609375
0.7274639423076923
0.7243840144230769
0.7294921875
0.7280649038461539
0.7273888221153846
0.7267127403846154
0.7273888221153846
0.7279146634615384
0.7262620192307693
0.7254356971153846
0.7218299278846154
0.7258864182692307
0.7249098557692307
0.7252103365384616
0.7238581730769231
0.7239332932692307
0.7281400240384616
0.7305438701923077
0.7275390625
0.7303936298076923
0.7320462740384616
0.7306189903846154
0.7310697115384616
0.7273888221153846
0.7309194711538461
0.7339993990384616
0.7308443509615384
0.7309945913461539
0.7327974759615384
0.7276141826923077
0.7284405048076923
0.7331730769230769
0.7289663461538461
0.7324969951923077
0.7275390625
0.7306941105769231
0.7367037259615384
0.736328125
0.7360276442307693
0.7356520432692307
0.7349759615384616
0.7377554086538461
0.7373046875
0.7347506009615384
0.7332481971153846
0.7346754807692307
0.7279897836538461
0.7330979567307693
0.7346754807692307
0.7334735576923077
0.7400841346153846
0.7396334134615384
0.7387319711538461
0.7385817307692307
0.7401592548076923
0.7361778846153846
0.7431640625
0.7413611778846154
0.7430138221153846
0.7391826923076923
0.7394831730769231
0.7373798076923077
0.7413611778846154
0.7447415865384616
0.7415865384615384
0.7364032451923077
0.7447415865384616
0.7429387019230769
0.7430138221153846
0.7372295673076923
0.7437650240384616
0.7417367788461539
0.7413611778846154
0.7412109375
0.7398587740384616
0.7438401442307693
0.7466195913461539
0.7432391826923077
0.7444411057692307
0.7459435096153846
0.7421123798076923
0.7475210336538461
0.7478966346153846
0.7527794471153846
0.7552584134615384
0.7502253605769231
0.748046875
0.7532301682692307
0.7545823317307693
0.7569861778846154
0.7563100961538461
0.7487980769230769
0.75390625
0.7520282451923077
0.7553335336538461
0.7554837740384616
0.7557091346153846
0.7574368990384616
0.7552584134615384
0.7586388221153846
0.7562349759615384
0.7542067307692307
0.7552584134615384
0.7556340144230769
0.7605919471153846
0.7572866586538461
0.76171875
0.7615685096153846
0.7615685096153846
0.7593149038461539
0.7680288461538461
0.7638221153846154
0.7662259615384616
0.7705829326923077
0.7705078125
0.7666766826923077
0.7630709134615384
0.7660006009615384
0.7635216346153846
0.7710336538461539
0.7651742788461539
0.7693058894230769
0.7654747596153846
0.7702073317307693
0.7696814903846154
0.7702824519230769
0.7712590144230769
0.7712590144230769
0.7740384615384616
0.7723106971153846
0.7768179086538461
0.7701322115384616
0.7744140625
0.7681039663461539
0.7694561298076923
0.7739633413461539
0.7790715144230769
0.7753155048076923
0.7768179086538461
0.7770432692307693
0.7762920673076923
0.7760667067307693
0.7778695913461539
0.7783954326923077
0.7814002403846154
0.7771935096153846
0.7810997596153846
0.7791466346153846
0.7772686298076923
0.7792217548076923
0.7719350961538461
0.7718599759615384
0.7747896634615384
0.7722355769230769
0.7716346153846154
0.7765925480769231
0.7753155048076923
0.7742638221153846
0.7809495192307693
0.7822265625
0.7867337740384616
0.7828275240384616
0.7877103365384616
0.7874849759615384
0.7842548076923077
0.7923677884615384
0.7863581730769231
0.7829026442307693
0.7832782451923077
0.7835787259615384
0.7864332932692307
0.7877854567307693
0.7872596153846154
0.7840294471153846
0.7874098557692307
0.7876352163461539
