0.9611002604166666
0.9599609375
0.9618326822916666
0.960693359375
0.9606119791666666
0.9610188802083334
0.9613444010416666
0.9611002604166666
0.9618326822916666
0.9615885416666666
0.9612630208333334
0.9612630208333334
0.9598795572916666
0.96044921875
0.9593912760416666
0.9597981770833334
0.9597981770833334
0.958984375
0.9597981770833334
0.9600423177083334
0.9605305989583334
0.9593912760416666
0.9597981770833334
0.9601236979166666
0.9603678385416666
0.9611002604166666
0.9605305989583334
0.961669921875
0.962890625
0.9618326822916666
0.9637044270833334
0.9632975260416666
0.9632975260416666
0.9630533854166666
0.9632161458333334
0.96337890625
0.961181640625
0.96240234375
0.9619140625
0.961669921875
0.963623046875
0.965087890625
0.9646809895833334
0.9634602864583334
0.9632975260416666
0.9654947916666666
0.9640299479166666
0.9639485677083334
0.9641927083333334
0.9637044270833334
0.9622395833333334
0.9619954427083334
0.9619954427083334
0.9618326822916666
0.9610188802083334
0.9615071614583334
0.9599609375
0.9615071614583334
0.9628092447916666
0.962646484375
0.9619954427083334
0.962890625
0.9619954427083334
0.9627278645833334
0.9606119791666666
0.96142578125
0.9600423177083334
0.961669921875
0.9610188802083334
0.96044921875
0.9619140625
0.962890625
0.9619140625
0.9609375
0.963134765625
0.9635416666666666
0.9615885416666666
0.9622395833333334
0.9635416666666666
0.9624837239583334
0.9635416666666666
0.96337890625
0.961669921875
0.9610188802083334
0.962158203125
0.96337890625
0.9637858072916666
0.963623046875
0.9632161458333334
0.9622395833333334
0.9619140625
0.963623046875
0.9656575520833334
0.966064453125
0.9651692708333334
0.9628092447916666
0.9632975260416666
0.9652506510416666
0.964599609375
0.9650065104166666
0.9632975260416666
0.9625651041666666
0.9630533854166666
0.9627278645833334
0.9632161458333334
0.9647623697916666
0.9639485677083334
0.96435546875
0.9632161458333334
0.965576171875
0.963623046875
0.9620768229166666
0.9622395833333334
0.9654947916666666
0.9632161458333334
0.9630533854166666
0.9640299479166666
0.9637858072916666
0.9647623697916666
0.9659830729166666
0.9647623697916666
0.966064453125
0.9684244791666666
0.9669596354166666
0.9671223958333334
0.96484375
0.9651692708333334
0.9634602864583334
0.9641927083333334
0.9634602864583334
0.9638671875
0.963623046875
0.96533203125
0.9625651041666666
0.96337890625
0.9639485677083334
0.9637858072916666
0.9654947916666666
0.9651692708333334
0.9639485677083334
0.9619140625
0.964111328125
0.9639485677083334
0.965576171875
0.9639485677083334
0.9632161458333334
0.9617513020833334
0.9619954427083334
0.9623209635416666
0.9601236979166666
0.9615071614583334
0.9589029947916666
0.959228515625
0.9613444010416666
0.9627278645833334
0.9615885416666666
0.96142578125
0.962158203125
0.9627278645833334
0.962646484375
0.9617513020833334
0.9615885416666666
0.9609375
0.9613444010416666
0.9624837239583334
0.962890625
0.96044921875
0.96240234375
0.963623046875
0.9628092447916666
0.9644368489583334
0.9634602864583334
0.9651692708333334
0.961669921875
0.9601236979166666
0.9589029947916666
0.95947265625
0.9580891927083334
0.9609375
0.9619140625
0.960693359375
0.9603678385416666
0.9609375
0.9612630208333334
0.9596354166666666
0.9615885416666666
0.9596354166666666
0.9578450520833334
0.9574381510416666
0.96142578125
0.9597981770833334
0.9612630208333334
0.959228515625
0.9629720052083334
0.964599609375
0.9632975260416666
0.961669921875
0.9605305989583334
0.962158203125
0.9620768229166666
0.9610188802083334
0.9613444010416666
0.9599609375
0.9584147135416666
0.959228515625
0.9590657552083334
0.9619954427083334
0.9628092447916666
0.9618326822916666
0.9613444010416666
0.9584147135416666
0.9627278645833334
0.9615885416666666
0.9618326822916666
0.9596354166666666
0.9627278645833334
0.9632975260416666
0.9622395833333334
0.9615071614583334
0.9611002604166666
0.9603678385416666
0.9593912760416666
0.9591471354166666
0.9600423177083334
0.9584147135416666
0.9578450520833334
0.9585774739583334
0.9571126302083334
0.96142578125
0.9606119791666666
0.9599609375
0.960205078125
0.9600423177083334
0.9601236979166666
0.9590657552083334
0.9589029947916666
0.9595540364583334
0.9599609375
0.96044921875
0.959228515625
0.9622395833333334
0.9606119791666666
0.9624837239583334
0.9615885416666666
0.95947265625
0.96142578125
0.9618326822916666
0.9597981770833334
0.958984375
0.9600423177083334
0.9618326822916666
0.9607747395833334
0.9605305989583334
0.9590657552083334
0.9602864583333334
0.9601236979166666
0.9620768229166666
0.961181640625
0.9611002604166666
0.9612630208333334
0.9615885416666666
0.963623046875
0.9595540364583334
0.960693359375
0.9612630208333334
0.9610188802083334
0.9603678385416666
0.9608561197916666
0.958984375
0.9569498697916666
0.9571940104166666
0.958740234375
0.9573567708333334
0.9588216145833334
0.9569498697916666
0.9580891927083334
0.9590657552083334
0.955810546875
0.9593098958333334
0.9603678385416666
0.962646484375
0.9619954427083334
0.960205078125
0.960693359375
0.9620768229166666
0.9612630208333334
0.9607747395833334
0.961669921875
0.96044921875
0.9608561197916666
0.9600423177083334
0.9606119791666666
0.9602864583333334
0.9591471354166666
0.9551595052083334
0.958740234375
0.9605305989583334
0.9620768229166666
0.9615071614583334
0.9647623697916666
0.9638671875
0.9617513020833334
0.9612630208333334
0.960205078125
0.9617513020833334
0.9615885416666666
0.9611002604166666
0.9598795572916666
0.9589029947916666
0.9598795572916666
0.9599609375
0.959716796875
0.9593912760416666
0.9623209635416666
0.96142578125
0.958984375
0.9591471354166666
0.95703125
0.9593912760416666
0.9581705729166666
0.9576009114583334
0.956298828125
0.9571126302083334
0.95703125
0.9581705729166666
0.9567057291666666
0.956787109375
0.9576822916666666
0.954345703125
0.954833984375
0.9562174479166666
0.9601236979166666
0.9574381510416666
0.9573567708333334
0.959716796875
0.9584147135416666
0.9585774739583334
0.9576009114583334
0.9562174479166666
0.9583333333333334
0.9574381510416666
0.9589029947916666
0.9576009114583334
0.958740234375
0.9590657552083334
0.96044921875
0.9607747395833334
0.9580078125
0.9600423177083334
0.9593098958333334
0.9598795572916666
0.9603678385416666
0.9599609375
0.9574381510416666
0.958251953125
0.95654296875
0.9602864583333334
0.9601236979166666
0.96240234375
0.9602864583333334
0.9598795572916666
0.9580078125
0.9586588541666666
0.9593912760416666
0.957763671875
0.9578450520833334
0.9600423177083334
0.9593098958333334
0.95751953125
0.955078125
0.9579264322916666
0.9556477864583334
0.9568684895833334
0.9585774739583334
0.958740234375
0.9595540364583334
0.9611002604166666
0.9578450520833334
0.9558919270833334
0.9551595052083334
0.9552408854166666
0.9537760416666666
0.9542643229166666
0.953857421875
0.95361328125
0.953857421875
0.9542643229166666
0.957763671875
0.95263671875
0.9514973958333334
0.954345703125
0.954833984375
0.956787109375
0.9532877604166666
0.952392578125
0.9529622395833334
0.9529622395833334
0.9527180989583334
0.9514973958333334
0.95556640625
0.9547526041666666
0.9544270833333334
0.9535319010416666
0.9495442708333334
0.9514973958333334
0.9539388020833334
0.9554036458333334
0.9475911458333334
0.9502766927083334
0.9545084635416666
0.9549967447916666
0.958251953125
0.955810546875
0.9580078125
0.95458984375
0.952392578125
0.9527180989583334
0.9535319010416666
0.9513346354166666
0.9493001302083334
0.95068359375
0.9530436197916666
0.9491373697916666
0.9486490885416666
0.9513346354166666
0.949951171875
0.9452311197916666
0.9475911458333334
0.9503580729166666
0.950439453125
0.9500325520833334
0.953857421875
0.95166015625
0.9515787760416666
0.95263671875
0.9505208333333334
0.9556477864583334
0.954345703125
0.952392578125
0.9522298177083334
0.9547526041666666
0.9529622395833334
0.95166015625
0.9506022135416666
0.9501139322916666
0.9519856770833334
0.949951171875
0.953369140625
0.953369140625
0.9480794270833334
0.9501953125
0.9486490885416666
0.9481608072916666
0.9491373697916666
0.9496256510416666
0.9482421875
0.9459635416666666
0.9456380208333334
0.9462076822916666
0.9498697916666666
0.9496256510416666
0.9486490885416666
0.9482421875
0.9478352864583334
0.9502766927083334
0.9482421875
0.947509765625
0.9505208333333334
0.951416015625
0.9481608072916666
0.9456380208333334
0.9475911458333334
0.946044921875
0.9464518229166666
0.9456380208333334
0.946533203125
0.9471842447916666
0.9437662760416666
0.9471028645833334
0.9469401041666666
0.9484049479166666
0.9461263020833334
0.9444986979166666
0.9440104166666666
0.9498697916666666
0.943603515625
0.9488118489583334
0.9478352864583334
0.949951171875
0.9475911458333334
0.9461263020833334
0.94384765625
0.9407552083333334
0.9437662760416666
0.9429524739583334
0.943603515625
0.9444986979166666
0.94140625
0.9447428385416666
0.9476725260416666
0.947021484375
0.9453125
0.9458821614583334
0.945068359375
0.9415690104166666
0.93798828125
0.9404296875
0.9402669270833334
0.9430338541666666
0.9449055989583334
0.9435221354166666
0.9391276041666666
0.9396158854166666
0.9385579427083334
0.9437662760416666
0.9431966145833334
0.9453125
0.9409993489583334
0.9386393229166666
0.9398600260416666
0.938720703125
0.9403483072916666
0.9384765625
0.9425455729166666
0.9408365885416666
0.9383138020833334
0.937255859375
0.9393717447916666
0.9385579427083334
0.9396158854166666
0.9390462239583334
0.9398600260416666
0.9370930989583334
0.937255859375
0.93798828125
0.9417317708333334
0.94140625
0.9408365885416666
0.9386393229166666
0.9380696614583334
0.9376627604166666
0.9344889322916666
0.9308268229166666
0.9335123697916666
0.9339192708333334
0.93603515625
0.9310709635416666
0.9347330729166666
0.9334309895833334
0.9322916666666666
0.932373046875
0.9327799479166666
0.9266764322916666
0.9296875
0.9320475260416666
0.9344889322916666
0.9326985677083334
0.9334309895833334
0.940185546875
0.9361165364583334
0.937255859375
0.9332682291666666
0.933837890625
0.93408203125
0.9366048177083334
0.9335123697916666
0.9327799479166666
0.9295247395833334
0.9322102864583334
0.9325358072916666
0.9320475260416666
0.9352213541666666
0.9340006510416666
0.9324544270833334
0.9335123697916666
0.9291178385416666
0.92919921875
0.9276529947916666
0.9334309895833334
0.9310709635416666
0.93017578125
0.9287109375
0.9305013020833334
0.9291178385416666
0.931884765625
0.9303385416666666
0.9263509114583334
0.9266764322916666
0.9251302083333334
0.925048828125
0.9258626302083334
0.9217936197916666
0.9219563802083334
0.9242350260416666
0.9285481770833334
0.9315592447916666
0.9286295572916666
0.9287109375
0.9242350260416666
0.9208984375
0.919189453125
0.91943359375
0.9263509114583334
0.92236328125
0.9287923177083334
0.9232584635416666
0.9275716145833334
0.9265950520833334
0.9242350260416666
0.9261067708333334
0.927734375
0.931884765625
0.9291178385416666
0.9287923177083334
0.92822265625
0.9270833333333334
0.92626953125
0.9246419270833334
0.9175618489583334
0.9198404947916666
0.918701171875
0.9195963541666666
0.9203287760416666
0.920166015625
0.9237467447916666
0.9209798177083334
0.9251302083333334
0.922607421875
0.926025390625
0.92431640625
0.9242350260416666
0.91943359375
0.91943359375
0.9173177083333334
0.9197591145833334
0.9222819010416666
0.9197591145833334
0.9193522135416666
0.922119140625
0.9176432291666666
0.9195963541666666
0.9205729166666666
0.91650390625
0.9149576822916666
0.9102376302083334
0.91162109375
0.9171549479166666
0.916259765625
0.9156087239583334
0.9158528645833334
0.9164225260416666
0.915771484375
0.9159342447916666
0.9110514322916666
0.9112955729166666
0.9072265625
0.906005859375
0.9066569010416666
0.9150390625
0.9090169270833334
0.9095865885416666
0.906982421875
0.9108072916666666
0.91552734375
0.913330078125
0.9134928385416666
0.9104817708333334
0.9093424479166666
0.9134928385416666
0.9086100260416666
0.90771484375
0.9117024739583334
0.9097493489583334
0.9055989583333334
0.9112955729166666
0.9100748697916666
0.9055989583333334
0.9090983072916666
0.9073893229166666
0.9046223958333334
0.9100748697916666
0.9136555989583334
0.9104817708333334
0.9121907552083334
0.91015625
0.9170735677083334
0.9122721354166666
0.9095865885416666
0.9108072916666666
0.9054361979166666
0.9063313802083334
0.9071451822916666
0.9103190104166666
0.9099934895833334
0.9120279947916666
0.9151204427083334
0.9056803385416666
0.9081217447916666
0.9077962239583334
0.904052734375
0.9078776041666666
0.9121907552083334
0.9080403645833334
0.9075520833333334
0.9114583333333334
0.9073893229166666
0.9085286458333334
0.9026692708333334
0.9038899739583334
0.9054361979166666
0.9024251302083334
0.9020182291666666
0.895263671875
0.8961588541666666
0.8954264322916666
0.8963216145833334
0.898193359375
0.8983561197916666
0.896240234375
0.8939615885416666
0.8954264322916666
0.9012858072916666
0.8955891927083334
0.89990234375
0.8931477864583334
0.8929036458333334
0.8943684895833334
0.894775390625
0.8963216145833334
0.8972981770833334
0.8990885416666666
0.89501953125
0.893798828125
0.893798828125
0.8956705729166666
0.8937174479166666
0.8966471354166666
0.8961588541666666
0.8941243489583334
0.8953450520833334
0.8898111979166666
0.8910319010416666
0.89453125
0.8986002604166666
0.8941243489583334
0.89404296875
0.8883463541666666
0.8929036458333334
0.8924967447916666
0.8916015625
0.8882649739583334
0.89111328125
0.8955078125
0.8812662760416666
0.8885904947916666
0.8837890625
0.8873697916666666
0.8877766927083334
0.887451171875
0.885009765625
0.8885091145833334
0.888671875
0.8953450520833334
0.8916829427083334
0.8910319010416666
0.89111328125
0.8894856770833334
0.8861490885416666
0.885986328125
0.8855794270833334
0.8831380208333334
0.8834635416666666
0.875
0.8758951822916666
0.875
0.8753255208333334
0.8784993489583334
0.8838704427083334
0.88232421875
0.8889973958333334
0.8883463541666666
0.8851725260416666
0.88818359375
0.8814290364583334
0.8807779947916666
0.8810221354166666
0.8798014322916666
0.8804524739583334
0.8766276041666666
0.8790690104166666
0.8817545572916666
0.8714192708333334
0.8731282552083334
0.871826171875
0.8658854166666666
0.8714192708333334
0.87353515625
0.8661295572916666
0.8681640625
0.8649088541666666
0.869873046875
0.8689778645833334
0.861083984375
0.8617350260416666
0.8639322916666666
0.8636881510416666
0.8672688802083334
0.8623860677083334
0.8628743489583334
0.8671875
0.8618977864583334
0.864013671875
0.8643391927083334
0.859375
0.8585611979166666
0.861083984375
0.8570149739583334
0.8494466145833334
0.8514811197916666
0.8480631510416666
0.8428548177083334
0.843017578125
0.8426106770833334
0.8435872395833334
0.8502604166666666
0.85205078125
0.843505859375
0.84814453125
0.8492838541666666
0.84765625
0.840576171875
0.8433430989583334
0.8399251302083334
0.8370768229166666
0.8330078125
0.8363444010416666
0.8379720052083334
0.8309733072916666
0.8396809895833334
0.83837890625
0.8406575520833334
0.8356119791666666
0.83447265625
0.8328450520833334
0.82861328125
0.8271484375
0.828125
0.8279622395833334
0.8251139322916666
0.8219401041666666
0.8260904947916666
0.8274739583333334
0.8216145833333334
0.81640625
0.8265787760416666
0.8186848958333334
0.8209635416666666
0.8238932291666666
0.82275390625
0.818603515625
0.816650390625
0.820556640625
0.8151041666666666
0.813720703125
0.8123372395833334
0.8047688802083334
0.809814453125
0.8074544270833334
0.817626953125
0.8142903645833334
0.8075358072916666
0.8134765625
0.810791015625
0.806640625
0.802490234375
0.8002115885416666
0.7955729166666666
0.800537109375
0.802978515625
0.803955078125
0.7976888020833334
0.7972819010416666
0.8016764322916666
0.7957356770833334
0.79638671875
0.8015950520833334
0.802490234375
0.7963053385416666
0.7943522135416666
0.7926432291666666
0.787841796875
0.785888671875
0.7909342447916666
0.798828125
0.7931315104166666
0.7972819010416666
0.7957356770833334
0.7919921875
0.791015625
0.7999674479166666
0.7958170572916666
0.790283203125
0.7969563802083334
0.7967936197916666
0.7945149739583334
0.789306640625
0.792724609375
0.7945963541666666
0.7909342447916666
0.794677734375
0.7902018229166666
0.7869466145833334
0.7923177083333334
0.790771484375
0.792724609375
0.795166015625
0.8009440104166666
0.7967936197916666
0.7963053385416666
0.7940266927083334
0.8014322916666666
0.8015950520833334
0.8018391927083334
0.805908203125
0.8001302083333334
0.7998860677083334
0.7989095052083334
0.8017578125
0.797607421875
0.79541015625
0.7998046875
0.7945149739583334
0.798095703125
0.7978515625
0.795166015625
0.791259765625
0.78759765625
0.7880045572916666
0.791259765625
0.7982584635416666
0.7850748697916666
0.7925618489583334
0.7937825520833334
0.7926432291666666
0.7918294270833334
0.7928873697916666
0.7908528645833334
0.7872721354166666
0.78271484375
0.7872721354166666
0.7877604166666666
0.7875162760416666
0.7842610677083334
0.7830403645833334
0.78466796875
0.78076171875
0.7772623697916666
0.778076171875
0.7810872395833334
0.7752278645833334
0.7819010416666666
0.77734375
0.778564453125
0.7777506510416666
0.7735188802083334
0.777099609375
0.7791341145833334
0.7738444010416666
0.7671712239583334
0.769775390625
0.7727864583333334
0.7765299479166666
0.771240234375
0.7679850260416666
0.77197265625
0.7676595052083334
0.765625
0.7604166666666666
0.7631022135416666
0.767822265625
0.7652180989583334
0.760009765625
0.7591145833333334
0.7568359375
0.751220703125
0.748046875
0.744140625
0.7417805989583334
0.739013671875
0.744873046875
0.7467447916666666
0.7390950520833334
0.7379557291666666
0.7373046875
0.7373046875
0.73876953125
0.7406412760416666
0.7376302083333334
0.72607421875
0.7268880208333334
0.7333170572916666
