0.72607421875
0.7085774739583334
0.7003580729166666
0.6995442708333334
0.6936848958333334
0.6983235677083334
0.6974283854166666
0.6973470052083334
0.6979166666666666
0.701416015625
0.6986490885416666
0.6982421875
0.6979166666666666
0.6944986979166666
0.7003580729166666
0.6966959635416666
0.6932779947916666
0.70068359375
0.6954752604166666
0.701171875
0.6931966145833334
0.6959635416666666
0.7027180989583334
0.6998697916666666
0.699951171875
0.702392578125
0.7109375
0.7030436197916666
0.7024739583333334
0.6975911458333334
0.6947428385416666
0.69970703125
0.6998697916666666
0.6962890625
0.6969401041666666
0.695556640625
0.6985677083333334
0.6966145833333334
0.697021484375
0.6953125
0.6979166666666666
0.7024739583333334
0.7017415364583334
0.7003580729166666
0.7032063802083334
0.7017415364583334
0.6957194010416666
0.7000325520833334
0.7036946614583334
0.7049153645833334
0.6966959635416666
0.695556640625
0.702392578125
0.7012532552083334
0.6973470052083334
0.7013346354166666
0.7037760416666666
0.6993001302083334
0.698486328125
0.7014973958333334
0.704833984375
0.6951497395833334
0.704345703125
0.7027994791666666
0.7013346354166666
0.703857421875
0.699462890625
0.703125
0.7064615885416666
0.6981608072916666
0.7032877604166666
0.7054850260416666
0.704833984375
0.6988118489583334
0.6980794270833334
0.695556640625
0.7025553385416666
0.69921875
0.705810546875
0.7002766927083334
0.704345703125
0.7071940104166666
0.7049967447916666
0.7049153645833334
0.701904296875
0.7118326822916666
0.7109375
0.6976725260416666
0.7008463541666666
0.7089029947916666
0.7030436197916666
0.70556640625
0.7056477864583334
0.7035319010416666
0.7023111979166666
0.699462890625
0.7071940104166666
0.7063802083333334
0.707763671875
0.7096354166666666
0.7067057291666666
0.7054850260416666
0.7157389322916666
0.7086588541666666
0.707763671875
0.7080078125
0.703857421875
0.703369140625
0.707275390625
0.7097981770833334
0.7083333333333334
0.7119954427083334
0.7059733072916666
0.7108561197916666
0.70556640625
0.7054036458333334
0.703125
0.705810546875
0.7044270833333334
0.6983235677083334
0.70458984375
0.7040201822916666
0.7090657552083334
0.7093098958333334
0.7039388020833334
0.7015787760416666
0.7054850260416666
0.6990559895833334
0.703125
0.710205078125
0.7063802083333334
0.7095540364583334
0.705810546875
0.7062174479166666
0.7102864583333334
0.7068684895833334
0.7117513020833334
0.7081705729166666
0.7137044270833334
0.70751953125
0.704833984375
0.7078450520833334
0.705322265625
0.70556640625
0.70751953125
0.7073567708333334
0.705810546875
0.706787109375
0.704833984375
0.7007649739583334
0.7017415364583334
0.7120768229166666
0.7132161458333334
0.7071126302083334
0.7054850260416666
0.7023111979166666
0.7073567708333334
0.7062174479166666
0.7042643229166666
0.7138671875
0.7093098958333334
0.7141927083333334
0.7047526041666666
0.70947265625
0.714599609375
0.7067057291666666
0.6998697916666666
0.70703125
0.7117513020833334
0.7096354166666666
0.7132161458333334
0.7096354166666666
0.7096354166666666
0.7118326822916666
0.7103678385416666
0.7141927083333334
0.7122395833333334
0.7021484375
0.7110188802083334
0.7140299479166666
0.7062174479166666
0.7123209635416666
0.7096354166666666
0.707763671875
0.7002766927083334
0.7047526041666666
0.7074381510416666
0.714111328125
0.7122395833333334
0.71435546875
0.7137858072916666
0.7108561197916666
0.7103678385416666
0.712158203125
0.71484375
0.7117513020833334
0.7140299479166666
0.7196451822916666
0.71728515625
0.7163899739583334
0.7223307291666666
0.7190755208333334
0.7151692708333334
0.71630859375
0.7173665364583334
0.718994140625
0.7188313802083334
0.7198079427083334
0.7202962239583334
0.7198893229166666
0.7177734375
0.7173665364583334
0.7115885416666666
0.7223307291666666
0.7228190104166666
0.716064453125
0.7140299479166666
0.711669921875
0.7159830729166666
0.7171223958333334
0.7186686197916666
0.72119140625
0.7169596354166666
0.7158203125
0.7159016927083334
0.7176106770833334
0.7193196614583334
0.7198893229166666
0.719970703125
0.713134765625
0.7158203125
0.71533203125
0.7169596354166666
0.7184244791666666
0.7239583333333334
0.72119140625
0.7180989583333334
0.720703125
0.71728515625
0.7203776041666666
0.718994140625
0.7151692708333334
0.7115885416666666
0.7132975260416666
0.7205403645833334
0.7172037760416666
0.7207845052083334
0.7264811197916666
0.7191569010416666
0.7236328125
0.7279459635416666
0.7277018229166666
0.722900390625
0.7176920572916666
0.7211100260416666
0.71435546875
0.7193196614583334
0.724365234375
0.72119140625
0.7272135416666666
0.72802734375
0.732421875
0.7265625
0.7271321614583334
0.7322591145833334
0.72216796875
0.722900390625
0.7144368489583334
0.7176106770833334
0.7185872395833334
0.7154947916666666
0.724365234375
0.7230631510416666
0.723388671875
0.7235514322916666
0.7202962239583334
0.7218424479166666
0.7178548177083334
0.7179361979166666
0.7215169270833334
0.7198893229166666
0.7227376302083334
0.7154134114583334
0.72216796875
0.7167154947916666
0.7230631510416666
0.7195638020833334
0.7220865885416666
0.7265625
0.7290852864583334
0.727783203125
0.732666015625
0.7355143229166666
0.7278645833333334
0.73095703125
0.7308756510416666
0.7263997395833334
0.7257486979166666
0.72021484375
0.7232259114583334
0.7220865885416666
0.7250162760416666
0.725341796875
0.7295735677083334
0.72607421875
0.73193359375
0.72998046875
0.7222493489583334
0.727783203125
0.7261555989583334
0.7308756510416666
0.7228190104166666
0.7169596354166666
0.7291666666666666
0.732421875
0.7244466145833334
0.7246907552083334
0.7290852864583334
0.73388671875
0.7275390625
0.7281901041666666
0.7261555989583334
0.7268880208333334
0.7327473958333334
0.7291666666666666
0.7262369791666666
0.7237141927083334
0.7234700520833334
0.7227376302083334
0.7294108072916666
0.7220865885416666
0.7268880208333334
0.7244466145833334
0.72265625
0.7278645833333334
0.7259114583333334
0.7264811197916666
0.728515625
0.7323404947916666
0.7325032552083334
0.737548828125
0.728271484375
0.73095703125
0.7279459635416666
0.7215169270833334
0.7267252604166666
0.7330729166666666
0.729736328125
0.7237141927083334
0.7247721354166666
0.7277018229166666
0.7283528645833334
0.7244466145833334
0.7303873697916666
0.7383626302083334
0.7359212239583334
0.7273763020833334
0.7286783854166666
0.729736328125
0.734375
0.7293294270833334
0.7366536458333334
0.7352701822916666
0.734130859375
0.7311197916666666
0.7293294270833334
0.725830078125
0.7278645833333334
0.7288411458333334
0.73388671875
0.7255859375
0.729248046875
0.7291666666666666
0.7315266927083334
0.72705078125
0.7301432291666666
0.7381184895833334
0.725341796875
0.7261555989583334
0.7262369791666666
0.731201171875
0.7349446614583334
0.737548828125
0.7340494791666666
0.7386881510416666
0.7301432291666666
0.7330729166666666
0.7333170572916666
0.737060546875
0.7377115885416666
0.7353515625
0.7364095052083334
0.7421875
0.7399088541666666
0.7410481770833334
0.7438151041666666
0.7351888020833334
0.7417805989583334
0.7386067708333334
0.7412923177083334
0.7339680989583334
0.7383626302083334
0.7352701822916666
0.7316080729166666
0.743896484375
0.737548828125
0.7345377604166666
0.7296549479166666
0.7333170572916666
0.7317708333333334
0.7394205729166666
0.745849609375
0.7377115885416666
0.7396647135416666
0.7388509114583334
0.7360026041666666
0.7376302083333334
0.7368977864583334
0.7327473958333334
0.7357584635416666
0.74169921875
0.7425130208333334
0.7447102864583334
0.7423502604166666
0.7398274739583334
0.742919921875
0.7440592447916666
0.7428385416666666
0.7420247395833334
0.7432454427083334
0.7438151041666666
0.7399088541666666
0.740234375
0.7422688802083334
0.7421875
0.7472330729166666
0.7368977864583334
0.7386067708333334
0.7420247395833334
0.73779296875
0.7393391927083334
0.7405598958333334
0.7450358072916666
0.7472330729166666
0.7450358072916666
0.744873046875
0.7462565104166666
0.7449544270833334
0.7466634114583334
0.742919921875
0.7472330729166666
0.7511393229166666
0.7527669270833334
0.7501627604166666
0.7469889322916666
0.749267578125
0.7455240885416666
0.744873046875
0.743408203125
0.74853515625
0.7476399739583334
0.744140625
0.743408203125
0.7418619791666666
0.74072265625
0.7416178385416666
0.7421061197916666
0.7422688802083334
0.7483723958333334
0.7476399739583334
0.7484537760416666
0.75634765625
0.751220703125
0.746337890625
0.749755859375
0.7490234375
0.7503255208333334
0.74462890625
0.748779296875
0.752197265625
0.7529296875
0.7532552083333334
0.746826171875
0.747802734375
0.750732421875
0.7510579427083334
0.7515462239583334
0.75244140625
0.755859375
0.7474772135416666
0.7510579427083334
0.7513020833333334
0.7470703125
0.7527669270833334
0.7571614583333334
0.7535807291666666
0.747802734375
0.7494303385416666
0.7471516927083334
0.74951171875
0.747314453125
0.7556966145833334
0.75927734375
0.7532552083333334
0.756103515625
0.7506510416666666
0.7550455729166666
0.7533365885416666
0.7505696614583334
0.752197265625
0.75048828125
0.754150390625
0.7591145833333334
0.7548014322916666
0.7515462239583334
0.753662109375
0.75439453125
0.758056640625
0.76171875
0.7583821614583334
0.7620442708333334
0.7604166666666666
0.7583821614583334
0.7637532552083334
0.7613932291666666
0.765869140625
0.7613118489583334
0.7565104166666666
0.7630208333333334
0.764892578125
0.7646484375
0.7640787760416666
0.7642415364583334
0.75390625
0.7600911458333334
0.7600911458333334
0.7650553385416666
0.76123046875
0.766357421875
0.7613118489583334
0.763671875
0.7623697916666666
0.7696126302083334
0.769775390625
0.7679850260416666
0.7704264322916666
0.7777506510416666
0.77197265625
0.7740071614583334
0.7733561197916666
0.7735188802083334
0.78173828125
0.7776692708333334
0.7767740885416666
0.77099609375
0.7745768229166666
0.7774251302083334
0.7740071614583334
0.77392578125
0.768310546875
0.7728678385416666
0.7750651041666666
0.782958984375
0.7779134114583334
0.7833658854166666
0.7811686197916666
0.78662109375
0.787109375
0.78662109375
0.7842610677083334
0.78662109375
0.787353515625
0.7867024739583334
0.78662109375
0.7911783854166666
0.7871907552083334
0.7871907552083334
0.7852376302083334
0.7854817708333334
0.7916666666666666
0.79345703125
0.7853190104166666
0.7840169270833334
0.7879231770833334
0.7906901041666666
0.792236328125
0.7976888020833334
0.8004557291666666
0.7997233072916666
0.7998046875
0.7960611979166666
0.7972819010416666
0.802490234375
0.7999674479166666
0.804931640625
0.8041178385416666
0.8056640625
0.806884765625
0.8111979166666666
0.8091634114583334
0.8116048177083334
0.81005859375
0.8151041666666666
0.8165690104166666
0.816650390625
0.8192545572916666
0.8177897135416666
0.822021484375
0.8185221354166666
0.8203938802083334
0.818603515625
0.8168131510416666
0.8153483072916666
0.8173014322916666
0.816650390625
0.81982421875
0.8216145833333334
0.8228352864583334
0.817626953125
0.8209635416666666
0.8243001302083334
0.824951171875
0.8255208333333334
0.829833984375
0.8291829427083334
0.8285319010416666
0.8304850260416666
0.832763671875
0.8282063802083334
0.8287760416666666
0.8339029947916666
0.8321126302083334
0.8286946614583334
0.83447265625
0.83251953125
0.8339029947916666
0.8333333333333334
0.8319498697916666
0.8272298177083334
0.8295084635416666
0.83154296875
0.8360188802083334
0.8341471354166666
0.8365885416666666
0.840576171875
0.8433430989583334
0.8450520833333334
0.8399251302083334
0.8412272135416666
0.8444010416666666
0.84228515625
0.8411458333333334
0.8409016927083334
0.84375
0.8484700520833334
0.8483072916666666
0.8478190104166666
0.8529459635416666
0.85302734375
0.8526204427083334
0.8514811197916666
0.851806640625
0.8519694010416666
0.8555501302083334
0.8529459635416666
0.8506673177083334
0.8563639322916666
0.8560384114583334
0.8531901041666666
0.852294921875
0.8562825520833334
0.8572591145833334
0.85888671875
0.8600260416666666
0.857421875
0.8590494791666666
0.8621419270833334
0.8639322916666666
0.864501953125
0.8685709635416666
0.8658854166666666
0.8715006510416666
0.8734537760416666
0.875
0.8754069010416666
0.877197265625
0.8770345052083334
0.87451171875
0.8778483072916666
0.8783365885416666
0.8785807291666666
0.8805338541666666
0.8806966145833334
0.8816731770833334
0.8795572916666666
0.884033203125
0.8827311197916666
0.87939453125
0.8771158854166666
0.8811848958333334
0.8871256510416666
0.886962890625
0.8860677083333334
0.885986328125
0.884033203125
0.889404296875
0.8865559895833334
0.8863118489583334
0.8885091145833334
0.8898111979166666
0.8896484375
0.887451171875
0.8880208333333334
0.896484375
0.8941243489583334
0.8954264322916666
0.893310546875
0.8949381510416666
0.8937174479166666
0.8951009114583334
0.8965657552083334
0.8970540364583334
0.8971354166666666
0.89599609375
0.893310546875
0.8942057291666666
0.8941243489583334
0.8929036458333334
0.8935546875
0.8941243489583334
0.8949381510416666
0.894775390625
0.894287109375
0.8956705729166666
0.8972981770833334
0.8992513020833334
0.8986002604166666
0.90185546875
0.9004720052083334
0.9013671875
0.9014485677083334
0.9034016927083334
0.9038899739583334
0.9061686197916666
0.9068196614583334
0.907470703125
0.9065755208333334
0.9082845052083334
0.908935546875
0.9092610677083334
0.9093424479166666
0.9064127604166666
0.909423828125
0.9100748697916666
0.9121907552083334
0.9100748697916666
0.9109700520833334
0.907958984375
0.909912109375
0.9117838541666666
0.9137369791666666
0.9129231770833334
0.912109375
0.912109375
0.9138997395833334
0.9154459635416666
0.9149576822916666
0.914794921875
0.9132486979166666
0.9154459635416666
0.9152018229166666
0.9156087239583334
0.9178873697916666
0.914306640625
0.9200032552083334
0.9197591145833334
0.9178059895833334
0.9209798177083334
0.920166015625
0.9200032552083334
0.921142578125
0.9256184895833334
0.9234212239583334
0.9247233072916666
0.9248046875
0.9244791666666666
0.9235026041666666
0.9205729166666666
0.9220377604166666
0.9217936197916666
0.9244791666666666
0.9252115885416666
0.927978515625
0.930908203125
0.9280598958333334
0.927001953125
0.92919921875
0.9276529947916666
0.9270833333333334
0.9266764322916666
0.929931640625
0.931396484375
0.9306640625
0.9274088541666666
0.9281412760416666
0.9305013020833334
0.928955078125
0.9270833333333334
0.929931640625
0.9281412760416666
0.9265950520833334
0.929931640625
0.9296875
0.9317220052083334
0.9319661458333334
0.934814453125
0.9349772135416666
0.935302734375
0.9369303385416666
0.935302734375
0.9344075520833334
0.93505859375
0.9361979166666666
0.9349772135416666
0.9327799479166666
0.934326171875
0.93310546875
0.9344075520833334
0.9364420572916666
0.9370930989583334
0.93505859375
0.9344075520833334
0.9325358072916666
0.9361165364583334
0.9353841145833334
0.9383138020833334
0.9400227864583334
0.9354654947916666
0.9361979166666666
0.936279296875
0.9337565104166666
0.9348958333333334
0.9342447916666666
0.9337565104166666
0.9364420572916666
0.938232421875
0.9379069010416666
0.939453125
0.9374186197916666
0.9370930989583334
0.9379069010416666
0.9404296875
0.9396158854166666
0.941162109375
0.942138671875
0.941162109375
0.9424641927083334
0.9409993489583334
0.9418131510416666
0.9413248697916666
0.94140625
0.9432779947916666
0.941650390625
0.9417317708333334
0.9422200520833334
0.940673828125
0.945556640625
0.9453938802083334
0.9453125
0.9447428385416666
0.9442545572916666
0.943603515625
0.9442545572916666
0.9464518229166666
0.946044921875
0.94482421875
0.9457194010416666
0.9447428385416666
0.947021484375
0.946044921875
0.947021484375
0.9458821614583334
0.9478352864583334
0.9475911458333334
0.9507649739583334
0.9522298177083334
0.9514973958333334
0.9500325520833334
0.9479166666666666
0.9490559895833334
0.9515787760416666
0.95166015625
0.9527180989583334
0.949462890625
0.9495442708333334
0.9514973958333334
0.9510904947916666
0.9515787760416666
0.9545084635416666
0.9554850260416666
0.9539388020833334
0.9529622395833334
0.953369140625
0.95166015625
0.9522298177083334
0.95361328125
0.9540201822916666
0.95166015625
0.951171875
0.95068359375
0.950439453125
0.951416015625
0.9522298177083334
0.9515787760416666
0.9525553385416666
0.9513346354166666
0.9517415364583334
0.9517415364583334
0.9514973958333334
0.9540201822916666
0.952392578125
0.952880859375
0.951416015625
0.9522298177083334
0.9541015625
0.9537760416666666
0.9541015625
0.954345703125
0.9557291666666666
0.956787109375
0.95751953125
0.9590657552083334
0.9576009114583334
0.957275390625
0.9574381510416666
0.9564615885416666
0.9551595052083334
0.9551595052083334
0.9569498697916666
0.9585774739583334
0.95849609375
0.9593098958333334
0.9580078125
0.9560546875
0.9576822916666666
0.9571940104166666
0.9571126302083334
0.956298828125
0.9571940104166666
0.958740234375
0.9567057291666666
0.9567057291666666
0.95703125
0.959228515625
0.9583333333333334
0.9579264322916666
0.9560546875
0.956298828125
0.9571126302083334
0.9537760416666666
0.953857421875
0.9558919270833334
0.9564615885416666
0.9571940104166666
0.9574381510416666
0.95458984375
0.9546712239583334
0.9561360677083334
0.9563802083333334
0.955810546875
0.9564615885416666
0.9580891927083334
0.95703125
0.958984375
0.9579264322916666
0.9566243489583334
0.9567057291666666
0.9581705729166666
0.9569498697916666
0.9576009114583334
0.9581705729166666
0.9576009114583334
0.95654296875
0.9562174479166666
0.9547526041666666
0.9564615885416666
0.9583333333333334
0.958984375
0.958740234375
0.9588216145833334
0.9586588541666666
0.9601236979166666
0.9597981770833334
0.9608561197916666
0.9612630208333334
0.9615885416666666
0.960693359375
0.96142578125
0.96044921875
0.96044921875
0.9611002604166666
