0.859375
0.8584735576923077
0.8559194711538461
0.8546424278846154
0.8540414663461539
0.8540414663461539
0.8517127403846154
0.8507361778846154
0.8518629807692307
0.8514873798076923
0.8501352163461539
0.8485576923076923
0.8493840144230769
0.8483323317307693
0.8466796875
0.845703125
0.8442007211538461
0.8441256009615384
0.8449519230769231
0.8442758413461539
0.8431490384615384
0.8440504807692307
0.8417217548076923
0.8421724759615384
0.8394681490384616
0.8400691105769231
0.8409705528846154
0.8406700721153846
0.8404447115384616
0.8414212740384616
0.8428485576923077
0.8445763221153846
0.8451772836538461
0.8457782451923077
0.8445763221153846
0.8424729567307693
0.8434495192307693
0.8408203125
0.8423978365384616
0.8430739182692307
0.8438251201923077
0.8435246394230769
0.8406700721153846
0.8416466346153846
0.8413461538461539
0.8414963942307693
0.8423227163461539
0.8427734375
0.8445012019230769
0.8451021634615384
0.8424729567307693
0.841796875
0.8412710336538461
0.8422475961538461
0.8421724759615384
0.8409705528846154
0.8418719951923077
0.8396935096153846
0.8408954326923077
0.8410456730769231
0.8426983173076923
0.8434495192307693
0.8431490384615384
0.8390174278846154
0.8395432692307693
0.8400691105769231
0.8392427884615384
0.8405949519230769
0.8381911057692307
0.8384164663461539
0.8402193509615384
0.8401442307692307
0.8402193509615384
0.8394681490384616
0.8385667067307693
0.8383413461538461
0.8399939903846154
0.8380408653846154
0.837890625
0.8387169471153846
0.8375150240384616
0.8385667067307693
0.8387920673076923
0.8401442307692307
0.8405198317307693
0.8423227163461539
0.8416466346153846
0.8410456730769231
0.8403695913461539
0.8401442307692307
0.837890625
0.8386418269230769
0.8380408653846154
0.8366135817307693
0.8365384615384616
0.8377403846153846
0.8393179086538461
0.8413461538461539
0.8402944711538461
0.8389423076923077
0.8391676682692307
0.8392427884615384
0.8383413461538461
0.8370643028846154
0.8380408653846154
0.8381911057692307
0.8371394230769231
0.8381911057692307
0.8369140625
0.8378155048076923
0.8374399038461539
0.8375150240384616
0.8388671875
0.8384164663461539
0.8390925480769231
0.8375150240384616
0.8372896634615384
0.8350360576923077
0.8366887019230769
0.8366887019230769
0.8365384615384616
0.8391676682692307
0.8380408653846154
0.8369891826923077
0.8360126201923077
0.8342097355769231
0.8348858173076923
0.8345853365384616
0.8363882211538461
0.8369140625
0.8364633413461539
0.8345853365384616
0.8367638221153846
0.8375901442307693
0.8386418269230769
0.8384164663461539
0.8358623798076923
0.8354116586538461
0.8336838942307693
0.8357121394230769
0.8363131009615384
0.8351862980769231
0.8353365384615384
0.8346604567307693
0.8346604567307693
0.833984375
0.8359375
0.8366135817307693
0.8371394230769231
0.8380408653846154
0.8390174278846154
0.8384915865384616
0.8387920673076923
0.8386418269230769
0.8373647836538461
0.8382662259615384
0.8372896634615384
0.837890625
0.8390174278846154
0.8376652644230769
0.8395432692307693
0.8394681490384616
0.8384915865384616
0.8384164663461539
0.8396183894230769
0.8390925480769231
0.8378155048076923
0.8386418269230769
0.8396183894230769
0.8381911057692307
0.8373647836538461
0.8373647836538461
0.8373647836538461
0.8387169471153846
0.8404447115384616
0.8403695913461539
0.8386418269230769
0.8387169471153846
0.8399939903846154
0.8406700721153846
0.8408203125
0.8393930288461539
0.8418719951923077
0.8408954326923077
0.8408954326923077
0.8399939903846154
0.8391676682692307
0.8385667067307693
0.8367638221153846
0.8394681490384616
0.8382662259615384
0.8363882211538461
0.8380408653846154
0.8384915865384616
0.8378155048076923
0.8387920673076923
0.8368389423076923
0.8387169471153846
0.8396183894230769
0.8393930288461539
0.8396183894230769
0.8375150240384616
0.8365384615384616
0.8381911057692307
0.8354867788461539
0.8342848557692307
0.8350360576923077
0.8339092548076923
0.8348106971153846
0.8340594951923077
0.8341346153846154
0.8327824519230769
0.8328575721153846
0.8330829326923077
0.8336838942307693
0.8354867788461539
0.8354116586538461
0.8356370192307693
0.8348858173076923
0.8332331730769231
0.8338341346153846
0.8330078125
0.8349609375
0.8366887019230769
0.8377403846153846
0.8387920673076923
0.8376652644230769
0.8367638221153846
0.8378155048076923
0.8380408653846154
0.83984375
0.8394681490384616
0.8400691105769231
0.8404447115384616
0.8421724759615384
0.8422475961538461
0.8429987980769231
0.8441256009615384
0.8442007211538461
0.8426983173076923
0.8445763221153846
0.8405198317307693
0.8432992788461539
0.8420973557692307
0.8396935096153846
0.8412710336538461
0.8409705528846154
0.8416466346153846
0.8417217548076923
0.8436748798076923
0.8423978365384616
0.8420973557692307
0.8440504807692307
0.841796875
0.8414963942307693
0.8408203125
0.8408954326923077
0.8396935096153846
0.8401442307692307
0.8419471153846154
0.8435246394230769
0.8428485576923077
0.8414963942307693
0.8439753605769231
0.8415715144230769
0.8393930288461539
0.8393179086538461
0.83984375
0.8402193509615384
0.8407451923076923
0.8393930288461539
0.8387169471153846
0.83984375
0.8392427884615384
0.8396183894230769
0.8417217548076923
0.8421724759615384
0.8426983173076923
0.8445012019230769
0.8414212740384616
0.8424729567307693
0.8426983173076923
0.8425480769230769
0.84375
0.8426231971153846
0.8423227163461539
0.8426983173076923
0.8402944711538461
0.8383413461538461
0.8376652644230769
0.8387920673076923
0.8388671875
0.8393930288461539
0.8411207932692307
0.8445763221153846
0.8454777644230769
0.8459284855769231
0.8439753605769231
0.8443509615384616
0.8450270432692307
0.8457782451923077
0.8470552884615384
0.8465294471153846
0.8473557692307693
0.8450270432692307
0.8473557692307693
0.8481069711538461
0.8493840144230769
0.8487830528846154
0.8481069711538461
0.8461538461538461
0.8468299278846154
0.8466796875
0.8484825721153846
0.8493840144230769
0.8469801682692307
0.8466045673076923
0.8463040865384616
0.8481820913461539
0.845703125
0.8464543269230769
0.8435997596153846
0.8438251201923077
0.8429236778846154
0.8424729567307693
0.8429987980769231
0.8429987980769231
0.8430739182692307
0.8431490384615384
0.8435246394230769
0.8441256009615384
0.8451772836538461
0.8468299278846154
0.8466045673076923
0.8465294471153846
0.8443509615384616
0.8459284855769231
0.8463792067307693
0.8473557692307693
0.8479567307692307
0.8478816105769231
0.8459284855769231
0.845703125
0.8454777644230769
0.8446514423076923
0.8467548076923077
0.8466045673076923
0.8463792067307693
0.8463792067307693
0.8463792067307693
0.8474308894230769
0.8469801682692307
0.8481069711538461
0.8479567307692307
0.8490835336538461
0.8499098557692307
0.8481820913461539
0.8502103365384616
0.8496844951923077
0.8496844951923077
0.8518629807692307
0.8494591346153846
0.8494591346153846
0.8508112980769231
0.8491586538461539
0.8486328125
0.8498347355769231
0.8499098557692307
0.8486328125
0.8459284855769231
0.8464543269230769
0.8446514423076923
0.8457782451923077
0.8466045673076923
0.8449519230769231
0.8470552884615384
0.8482572115384616
0.8481069711538461
0.8478064903846154
0.8467548076923077
0.8464543269230769
0.8475060096153846
0.8471304086538461
0.8492337740384616
0.8485576923076923
0.8483323317307693
0.8490835336538461
0.8489332932692307
0.849609375
0.8501352163461539
0.8509615384615384
0.8497596153846154
0.8489332932692307
0.8472806490384616
0.8451772836538461
0.8463040865384616
0.8469050480769231
0.8462289663461539
0.8451772836538461
0.8439002403846154
0.8454777644230769
0.8461538461538461
0.8434495192307693
0.8449519230769231
0.8426983173076923
0.8436748798076923
0.8442007211538461
0.84375
0.8430739182692307
0.8411959134615384
0.8432241586538461
0.8445763221153846
0.8439753605769231
0.8450270432692307
0.8456280048076923
0.8465294471153846
0.8466796875
0.8472055288461539
0.8471304086538461
0.8472806490384616
0.8454777644230769
0.8448768028846154
0.84765625
0.8469050480769231
0.8451772836538461
0.8468299278846154
0.8468299278846154
0.8469801682692307
0.8479567307692307
0.8493840144230769
0.8475060096153846
0.8478064903846154
0.8473557692307693
0.8467548076923077
0.8456280048076923
0.8453275240384616
0.8456280048076923
0.8465294471153846
0.8467548076923077
0.8461538461538461
0.8448768028846154
0.8445012019230769
0.8426983173076923
0.84375
0.8439753605769231
0.8453275240384616
0.8446514423076923
0.8466796875
0.8470552884615384
0.8468299278846154
0.8484825721153846
0.8481820913461539
0.8468299278846154
0.8460036057692307
0.8460036057692307
0.8441256009615384
0.8458533653846154
0.8473557692307693
0.8472806490384616
0.8462289663461539
0.8475811298076923
0.8466796875
0.8462289663461539
0.8466045673076923
0.84765625
0.8474308894230769
0.8466045673076923
0.8454026442307693
0.845703125
0.8477313701923077
0.8493088942307693
0.8460787259615384
0.8453275240384616
0.8470552884615384
0.8478816105769231
0.8484074519230769
0.8496844951923077
0.8481820913461539
0.8502854567307693
0.8494591346153846
0.8496844951923077
0.8502854567307693
0.8512620192307693
0.8481069711538461
0.8478816105769231
0.8498347355769231
0.8474308894230769
0.8474308894230769
0.8478816105769231
0.8483323317307693
0.8490084134615384
0.8504356971153846
0.8502854567307693
0.8494591346153846
0.8484825721153846
0.8471304086538461
0.8470552884615384
0.8475060096153846
0.8465294471153846
0.8459284855769231
0.8457782451923077
