0.6888020833333334
0.6739908854166666
0.679443359375
0.6808268229166666
0.6787923177083334
0.6764322916666666
0.6691080729166666
0.6767578125
0.6788736979166666
0.679443359375
0.6824544270833334
0.6791178385416666
0.67529296875
0.68115234375
0.6786295572916666
0.677490234375
0.6806640625
0.6771647135416666
0.6695963541666666
0.6759440104166666
0.6817220052083334
0.6803385416666666
0.6774088541666666
0.6763509114583334
0.671875
0.6808268229166666
0.6756998697916666
0.6764322916666666
0.6767578125
0.6753743489583334
0.6847330729166666
0.680908203125
0.677001953125
0.6788736979166666
0.680908203125
0.67724609375
0.678955078125
0.6800130208333334
0.6832682291666666
0.6771647135416666
0.6753743489583334
0.6783854166666666
0.68505859375
0.6761881510416666
0.6839192708333334
0.6763509114583334
0.68017578125
0.678466796875
0.6775716145833334
0.6754557291666666
0.6802571614583334
0.6783040364583334
0.677734375
0.6735026041666666
0.681640625
0.678466796875
0.675537109375
0.677734375
0.6770833333333334
0.6818033854166666
0.6803385416666666
0.6861165364583334
0.6832682291666666
0.6798502604166666
0.6815592447916666
0.6834309895833334
0.6797688802083334
0.6808268229166666
0.6820475260416666
0.6819661458333334
0.67919921875
0.6835123697916666
0.6805013020833334
0.6783854166666666
0.677490234375
0.6765950520833334
0.673828125
0.6812337239583334
0.6826171875
0.6824544270833334
0.6861979166666666
0.6715494791666666
0.6825358072916666
0.6844889322916666
0.6864420572916666
0.6844075520833334
0.6825358072916666
0.6790364583333334
0.68408203125
0.6854654947916666
0.6836751302083334
0.6776529947916666
0.678466796875
0.685791015625
0.6809895833333334
0.6866048177083334
0.6797688802083334
0.682861328125
0.6797688802083334
0.6865234375
0.6831868489583334
0.6771647135416666
0.676025390625
0.6822102864583334
0.6840006510416666
0.6829427083333334
0.6851399739583334
0.6788736979166666
0.6818033854166666
0.6710611979166666
0.6788736979166666
0.677001953125
0.6761067708333334
0.6842447916666666
0.6806640625
0.6805013020833334
0.6866048177083334
0.6849772135416666
0.6778157552083334
0.6806640625
0.68310546875
0.6809895833333334
0.68359375
0.6840006510416666
0.677001953125
0.68017578125
0.685546875
0.68212890625
0.6802571614583334
0.687744140625
0.68115234375
0.6813151041666666
0.68701171875
0.680908203125
0.6883138020833334
0.68994140625
0.6849772135416666
0.6814778645833334
0.6812337239583334
0.6840006510416666
0.68115234375
0.6849772135416666
0.686279296875
0.6822102864583334
0.6788736979166666
0.6826985677083334
0.67919921875
0.6809895833333334
0.6879069010416666
0.681884765625
0.684814453125
0.681396484375
0.6820475260416666
0.6818033854166666
0.6815592447916666
0.6875813802083334
0.6866048177083334
0.6884765625
0.685302734375
0.68310546875
0.688232421875
0.689453125
0.680908203125
0.68408203125
0.6813151041666666
0.6852213541666666
0.6865234375
0.6891276041666666
0.6841634114583334
0.6820475260416666
0.6822916666666666
0.6802571614583334
0.6866861979166666
0.6796061197916666
0.689208984375
0.682861328125
0.6861165364583334
0.6822916666666666
0.6796061197916666
0.6812337239583334
0.6863606770833334
0.6846516927083334
0.6800944010416666
0.6834309895833334
0.6875
0.6851399739583334
0.6918131510416666
0.6866048177083334
0.6846516927083334
0.685546875
0.6830240885416666
0.6818033854166666
0.6857096354166666
0.6840006510416666
0.6883951822916666
0.6907552083333334
0.6869303385416666
0.682861328125
0.6893717447916666
0.689697265625
0.68408203125
0.6844889322916666
0.6879069010416666
0.6847330729166666
0.6869303385416666
0.6786295572916666
0.6853841145833334
0.6918131510416666
0.6858723958333334
0.6918131510416666
0.6915690104166666
0.6861165364583334
0.6870930989583334
0.6907552083333334
0.6856282552083334
0.6849772135416666
0.6909993489583334
0.6857096354166666
0.68505859375
0.6824544270833334
0.6859537760416666
0.68505859375
0.683349609375
0.6831868489583334
0.6864420572916666
0.6885579427083334
0.6902669270833334
0.68408203125
0.6846516927083334
0.6841634114583334
0.6853841145833334
0.6849772135416666
0.6898600260416666
0.6920572916666666
0.686767578125
0.6937662760416666
0.6940104166666666
0.6917317708333334
0.69091796875
0.68798828125
0.6929524739583334
0.683837890625
0.6803385416666666
0.6920572916666666
0.6942545572916666
0.6888834635416666
0.6941731770833334
0.6880696614583334
0.6907552083333334
0.6866861979166666
0.6848958333333334
0.68701171875
0.6885579427083334
0.684326171875
0.6904296875
0.68701171875
0.6909993489583334
0.6866861979166666
0.6864420572916666
0.6879069010416666
0.6900227864583334
0.69482421875
0.6905110677083334
0.69189453125
0.6902669270833334
0.686279296875
0.6914876302083334
0.693603515625
0.6832682291666666
0.6920572916666666
0.6939290364583334
0.6854654947916666
0.6927897135416666
0.6884765625
0.6873372395833334
0.690185546875
0.6891276041666666
0.6895345052083334
0.6896158854166666
0.6881510416666666
0.691162109375
0.6982421875
0.6895345052083334
0.689208984375
0.6876627604166666
0.690673828125
0.6966145833333334
0.6934407552083334
0.690185546875
0.68603515625
0.691650390625
0.69482421875
0.69091796875
0.6896158854166666
0.6888834635416666
0.6897786458333334
0.6944986979166666
0.6917317708333334
0.68701171875
0.6958821614583334
0.6934407552083334
0.6870930989583334
0.6876627604166666
0.6886393229166666
0.6984049479166666
0.692626953125
0.6942545572916666
0.6923014322916666
0.702880859375
0.6925455729166666
0.689208984375
0.6929524739583334
0.696044921875
0.6973470052083334
0.6904296875
0.692626953125
0.6934407552083334
0.6941731770833334
0.693115234375
0.6932779947916666
0.6893717447916666
0.690185546875
0.6979166666666666
0.6913248697916666
0.696044921875
0.6983235677083334
0.6886393229166666
0.6893717447916666
0.6931966145833334
0.6905110677083334
0.6949055989583334
0.6888020833333334
0.6925455729166666
0.6925455729166666
0.6940104166666666
0.6891276041666666
0.689697265625
0.6890462239583334
0.6939290364583334
0.7017415364583334
0.6939290364583334
0.6944986979166666
0.6979166666666666
0.6949869791666666
0.702392578125
0.6991373697916666
0.6927897135416666
0.691650390625
0.6903483072916666
0.691650390625
0.69287109375
0.6981608072916666
0.6956380208333334
0.6959635416666666
0.6969401041666666
0.6968587239583334
0.6910807291666666
0.6949869791666666
0.6952311197916666
0.685546875
0.69677734375
0.693603515625
0.689453125
0.6919759114583334
0.6893717447916666
0.6962076822916666
0.6919759114583334
0.6983235677083334
0.6907552083333334
0.6936848958333334
0.69775390625
0.6961263020833334
0.69677734375
0.6995442708333334
0.6953938802083334
0.6962890625
0.6944173177083334
0.6922200520833334
0.6995442708333334
0.6888834635416666
0.6971028645833334
0.693603515625
0.6925455729166666
0.6949055989583334
0.6930338541666666
0.69482421875
0.694091796875
0.697265625
0.689453125
0.700439453125
0.6944986979166666
0.6912434895833334
0.6927083333333334
0.6982421875
0.6971842447916666
0.6903483072916666
0.692138671875
0.694091796875
0.69140625
0.694091796875
0.6973470052083334
0.6973470052083334
0.702880859375
0.6998697916666666
0.6985677083333334
0.6973470052083334
0.693603515625
0.69775390625
0.7022298177083334
0.69580078125
0.6976725260416666
0.704833984375
0.6966959635416666
0.702392578125
0.7018229166666666
0.6990559895833334
0.7062174479166666
0.7008463541666666
0.7012532552083334
0.6984049479166666
0.6953938802083334
0.7013346354166666
0.6966959635416666
0.69970703125
0.6962076822916666
0.70166015625
0.7044270833333334
0.6944986979166666
0.6971842447916666
0.6968587239583334
0.7020670572916666
0.698486328125
0.7015787760416666
0.6993001302083334
0.7056477864583334
0.7054036458333334
0.6993001302083334
0.700439453125
0.69775390625
0.7008463541666666
0.703857421875
0.6982421875
0.7019856770833334
0.703369140625
0.6976725260416666
0.6968587239583334
0.698486328125
0.6962890625
0.6923828125
0.6962890625
0.7057291666666666
0.69921875
0.6942545572916666
0.7018229166666666
0.6962076822916666
0.6984049479166666
0.6957194010416666
0.7018229166666666
0.697998046875
0.7005208333333334
0.70556640625
0.7008463541666666
0.695068359375
0.6927083333333334
0.7023111979166666
0.7063802083333334
0.7037760416666666
0.7084147135416666
0.7024739583333334
0.6998697916666666
0.6986490885416666
0.6996256510416666
0.7076009114583334
0.6986490885416666
0.6936848958333334
0.6963704427083334
0.69580078125
0.6985677083333334
0.6971028645833334
0.7000325520833334
0.703857421875
0.7021484375
0.6978352864583334
0.7014973958333334
0.7007649739583334
0.6986490885416666
0.703125
0.701416015625
0.6997884114583334
0.7044270833333334
0.6991373697916666
0.7020670572916666
0.699951171875
0.6978352864583334
0.703369140625
0.7029622395833334
0.6996256510416666
0.6984049479166666
0.700439453125
0.702392578125
0.6974283854166666
0.702880859375
0.7019856770833334
0.70751953125
0.7007649739583334
0.706787109375
0.6996256510416666
0.7015787760416666
0.7005208333333334
0.705322265625
0.70068359375
0.69775390625
0.7024739583333334
0.703857421875
0.7047526041666666
0.6995442708333334
0.7032877604166666
0.7005208333333334
0.7062174479166666
0.7041015625
0.7035319010416666
0.7007649739583334
0.7027994791666666
0.7018229166666666
0.7059733072916666
0.703125
0.708251953125
0.7010091145833334
0.7015787760416666
0.7034505208333334
0.6953125
0.7090657552083334
0.7051595052083334
0.7105305989583334
0.708251953125
0.703125
0.7041829427083334
0.7103678385416666
0.70654296875
0.7071940104166666
0.7052408854166666
0.7015787760416666
0.704833984375
0.70263671875
0.7089029947916666
0.7076009114583334
0.703369140625
0.7085774739583334
0.7032063802083334
0.7024739583333334
0.699462890625
0.7132975260416666
0.7083333333333334
0.70458984375
0.7025553385416666
0.7022298177083334
0.70361328125
0.701904296875
0.70703125
0.7044270833333334
0.7071940104166666
0.7093912760416666
0.710693359375
0.7105305989583334
0.706298828125
0.7036946614583334
0.70654296875
0.7060546875
0.706787109375
0.7037760416666666
0.7051595052083334
0.708984375
0.70849609375
0.706787109375
0.707763671875
0.708984375
0.711181640625
0.709228515625
0.7117513020833334
0.7098795572916666
0.7111002604166666
0.7103678385416666
0.7115071614583334
0.707275390625
0.7135416666666666
0.7035319010416666
0.7066243489583334
0.71630859375
0.7102864583333334
0.7100423177083334
0.7109375
0.7120768229166666
0.7068684895833334
0.7119954427083334
0.70947265625
0.7146809895833334
0.71533203125
0.7134602864583334
0.7073567708333334
0.7078450520833334
0.705078125
0.704833984375
0.708251953125
0.7054850260416666
0.70751953125
0.7132975260416666
0.7095540364583334
0.7068684895833334
0.709716796875
0.7063802083333334
0.7093912760416666
0.7115885416666666
0.7106119791666666
0.7071126302083334
0.703857421875
0.715087890625
0.712158203125
0.7115071614583334
0.7107747395833334
0.7088216145833334
0.7112630208333334
0.710693359375
0.7119140625
0.70849609375
0.7093912760416666
0.708740234375
0.7127278645833334
0.7152506510416666
0.7105305989583334
0.7101236979166666
0.7147623697916666
0.7137858072916666
0.7099609375
0.7054036458333334
0.71240234375
0.7119140625
0.7107747395833334
0.7120768229166666
0.7167154947916666
0.7120768229166666
0.714111328125
0.7156575520833334
0.714599609375
0.7167154947916666
0.717041015625
0.71435546875
0.7142740885416666
0.7080078125
0.710693359375
0.7180989583333334
0.7176920572916666
0.710205078125
0.7058919270833334
0.7085774739583334
0.7064615885416666
0.7123209635416666
0.7120768229166666
0.7058919270833334
0.7164713541666666
0.718017578125
0.7195638020833334
0.7147623697916666
0.717529296875
0.7172037760416666
0.7159830729166666
0.721435546875
0.7113444010416666
0.716796875
0.7198079427083334
0.7201334635416666
0.712646484375
0.7125651041666666
0.71240234375
0.7122395833333334
0.707275390625
0.7090657552083334
0.720458984375
0.71875
0.716064453125
0.717529296875
0.7113444010416666
0.7141927083333334
0.7198893229166666
0.7198079427083334
0.7144368489583334
0.7154134114583334
0.7169596354166666
0.7157389322916666
0.7169596354166666
0.7159016927083334
0.720458984375
0.725341796875
0.717529296875
0.7205403645833334
0.7162272135416666
0.7090657552083334
0.7203776041666666
0.724365234375
0.7174479166666666
0.7183430989583334
0.7168782552083334
0.71142578125
0.7144368489583334
0.7149251302083334
0.7150065104166666
0.7211100260416666
0.7164713541666666
0.716552734375
0.7125651041666666
0.7124837239583334
0.718505859375
0.71728515625
0.7151692708333334
0.721923828125
0.7185872395833334
0.7194010416666666
0.71240234375
0.710693359375
0.7130533854166666
0.7156575520833334
0.7181803385416666
0.7097981770833334
0.7159016927083334
0.719970703125
0.719482421875
0.7111002604166666
0.7098795572916666
0.7207845052083334
0.71875
0.7217610677083334
0.7224934895833334
0.7212727864583334
0.717529296875
0.724853515625
0.7215169270833334
0.7215169270833334
0.7173665364583334
0.721923828125
0.7208658854166666
0.7172037760416666
0.7185872395833334
0.7188313802083334
0.7198893229166666
0.71826171875
0.7156575520833334
0.7174479166666666
0.7167154947916666
0.7225748697916666
0.7230631510416666
0.7184244791666666
0.7212727864583334
0.7200520833333334
0.7240397135416666
0.7237955729166666
0.7172037760416666
0.7197265625
0.7173665364583334
0.7236328125
0.7286783854166666
0.7240397135416666
0.720458984375
0.7213541666666666
0.7222493489583334
0.7218424479166666
0.721435546875
0.7164713541666666
0.7263997395833334
0.7191569010416666
0.7194010416666666
0.72607421875
0.722900390625
0.7167154947916666
0.722900390625
0.723876953125
0.7237141927083334
0.7223307291666666
0.7237955729166666
0.7237955729166666
0.7218424479166666
0.7224934895833334
0.7240397135416666
0.7237141927083334
0.7306315104166666
0.7333170572916666
0.7249348958333334
0.7261555989583334
0.728271484375
0.7303873697916666
0.7239583333333334
0.7286783854166666
0.7340494791666666
0.73046875
0.7272135416666666
0.7194010416666666
0.7211100260416666
0.723876953125
0.7259928385416666
0.72509765625
0.7242838541666666
0.7294108072916666
0.726318359375
0.7271321614583334
0.7242024739583334
0.725830078125
0.7246907552083334
0.7250162760416666
0.7268880208333334
0.7249348958333334
0.7273763020833334
0.7281901041666666
0.7247721354166666
0.725341796875
0.7269694010416666
0.7322591145833334
0.7285970052083334
0.7289225260416666
0.729248046875
0.72607421875
0.7257486979166666
0.7261555989583334
0.730224609375
0.732421875
0.7275390625
0.7217610677083334
0.7251790364583334
0.7239583333333334
0.7200520833333334
0.7271321614583334
0.7290852864583334
0.7303059895833334
0.7259928385416666
0.7298990885416666
0.7218424479166666
0.7279459635416666
0.72900390625
0.7307942708333334
0.7322591145833334
0.7298990885416666
0.7285970052083334
0.7308756510416666
0.7316080729166666
0.7298990885416666
0.7318522135416666
0.7332356770833334
0.7298177083333334
0.73095703125
0.7268880208333334
0.7314453125
0.7320963541666666
0.7334798177083334
0.7352701822916666
0.7327473958333334
0.7338053385416666
0.7311197916666666
0.7291666666666666
0.73583984375
0.7401529947916666
0.7364908854166666
0.7364095052083334
0.7294921875
0.731201171875
0.7342936197916666
0.73291015625
0.7433268229166666
0.73779296875
0.7392578125
0.740966796875
0.738037109375
0.7345377604166666
0.740966796875
0.738525390625
0.74169921875
0.7400716145833334
0.739013671875
0.7340494791666666
0.7361653645833334
0.7383626302083334
0.734130859375
0.7347819010416666
0.7388509114583334
0.7388509114583334
0.740234375
0.7394205729166666
0.7350260416666666
0.73974609375
0.7412923177083334
0.7398274739583334
0.7460123697916666
0.7347819010416666
0.7388509114583334
0.7396647135416666
0.7443033854166666
0.741455078125
0.737548828125
0.74560546875
0.745361328125
0.743896484375
0.7461751302083334
0.7451171875
0.7403971354166666
0.7417805989583334
0.743408203125
0.744873046875
0.746826171875
0.7442220052083334
0.7427571614583334
0.7489420572916666
0.7498372395833334
0.7440592447916666
0.7517903645833334
0.744140625
0.7495930989583334
0.7437337239583334
0.7457682291666666
0.744384765625
0.7493489583333334
0.7504069010416666
0.7544759114583334
0.7513834635416666
0.7491048177083334
0.7486979166666666
0.7540690104166666
0.747802734375
0.745849609375
0.7491048177083334
0.743408203125
0.7503255208333334
0.7465006510416666
0.7451985677083334
0.749267578125
0.7515462239583334
0.7548828125
0.75439453125
0.7571614583333334
0.7538248697916666
0.7576497395833334
0.7599283854166666
0.7594401041666666
0.7568359375
0.7560221354166666
0.759765625
0.757080078125
0.7591959635416666
0.7552083333333334
0.7565104166666666
0.758056640625
0.7654622395833334
0.7679850260416666
0.7682291666666666
0.7644856770833334
0.7618815104166666
0.7662760416666666
0.77197265625
0.7692057291666666
0.770263671875
0.7713216145833334
0.7671712239583334
0.7686360677083334
0.7662760416666666
0.7672526041666666
0.7679850260416666
0.771728515625
0.7698567708333334
0.7706705729166666
0.7745768229166666
0.7733561197916666
0.771728515625
0.7714029947916666
0.7744140625
0.775146484375
0.7694498697916666
0.77294921875
0.777587890625
0.7779134114583334
0.7728678385416666
0.7804361979166666
0.77490234375
0.7787272135416666
0.7747395833333334
0.7727864583333334
0.7736002604166666
0.7740885416666666
0.7762044270833334
0.7804361979166666
0.78515625
0.7810872395833334
0.7845865885416666
0.7786458333333334
0.7818196614583334
0.7803548177083334
0.7810872395833334
0.7786458333333334
0.7787272135416666
0.7783203125
0.7782389322916666
0.7789713541666666
0.7840983072916666
0.7891438802083334
0.787353515625
0.787841796875
0.783935546875
