0.783935546875
0.7889811197916666
0.7916666666666666
0.79248046875
0.7914225260416666
0.791015625
0.792236328125
0.7928873697916666
0.791748046875
0.7933756510416666
0.79736328125
0.795166015625
0.7926432291666666
0.79296875
0.795166015625
0.7996419270833334
0.8013509114583334
0.7974446614583334
0.796630859375
0.7985026041666666
0.80029296875
0.7991536458333334
0.8006184895833334
0.8017578125
0.80126953125
0.8035481770833334
0.8028157552083334
0.8018391927083334
0.805419921875
0.804443359375
0.801513671875
0.803955078125
0.8058268229166666
0.8064778645833334
0.8043619791666666
0.8069661458333334
0.8041178385416666
0.8028971354166666
0.8076171875
0.8026529947916666
0.80224609375
0.8045247395833334
0.8070475260416666
0.8116048177083334
0.812744140625
0.8148600260416666
0.8089192708333334
0.80908203125
0.817626953125
0.81298828125
0.8133951822916666
0.8158365885416666
0.813720703125
0.816650390625
0.8148600260416666
0.8142903645833334
0.8209635416666666
0.8174641927083334
0.8136393229166666
0.8164876302083334
0.81689453125
0.815673828125
0.8179524739583334
0.8158365885416666
0.8177897135416666
0.8223470052083334
0.8207194010416666
0.822998046875
0.8282877604166666
0.826904296875
0.8260904947916666
0.8232421875
0.8246256510416666
0.82373046875
0.826171875
0.8316243489583334
0.828125
0.8277994791666666
0.825927734375
0.8316243489583334
0.83056640625
0.8346354166666666
0.835693359375
0.8355305989583334
0.8394368489583334
0.8361002604166666
0.8374837239583334
0.8390299479166666
0.834716796875
0.83203125
0.8317057291666666
0.8357747395833334
0.838134765625
0.8373209635416666
0.8321940104166666
0.8350423177083334
0.84130859375
0.8422037760416666
0.84423828125
0.8479817708333334
0.845947265625
0.8509114583333334
0.853271484375
0.8497721354166666
0.8487955729166666
0.8528645833333334
0.847412109375
0.8470865885416666
0.8479817708333334
0.8463541666666666
0.84912109375
0.847412109375
0.846923828125
0.853515625
0.8550618489583334
0.8545735677083334
0.8533528645833334
0.8487955729166666
0.85498046875
0.8553873697916666
0.8583170572916666
0.8611653645833334
0.8582356770833334
0.8655598958333334
0.86279296875
0.8627115885416666
0.866943359375
0.8685709635416666
0.861328125
0.8680013020833334
0.868408203125
0.8641764322916666
0.8684895833333334
0.8680013020833334
0.86572265625
0.86865234375
0.873291015625
0.8731282552083334
0.8756510416666666
0.8767903645833334
0.8766276041666666
0.877197265625
0.8802083333333334
0.8802083333333334
0.8807779947916666
0.88330078125
0.8829752604166666
0.8836263020833334
0.8853352864583334
0.8890787760416666
0.8878580729166666
0.8910319010416666
0.8929850260416666
0.887939453125
0.8899739583333334
0.8858235677083334
0.8855794270833334
0.8914388020833334
0.888916015625
0.8894856770833334
0.8917643229166666
0.8936360677083334
0.89697265625
0.8921712239583334
0.8929036458333334
0.89306640625
0.8956705729166666
0.8966471354166666
0.9000651041666666
0.9007161458333334
0.8965657552083334
0.8955078125
0.9013671875
0.9014485677083334
0.9017740885416666
0.9033203125
0.9054361979166666
0.9046223958333334
0.9048665364583334
0.904296875
0.9026692708333334
0.9041341145833334
0.9063313802083334
0.9093424479166666
0.9112141927083334
0.9085286458333334
0.9051920572916666
0.90966796875
0.9115397135416666
0.913818359375
0.9129231770833334
0.9154459635416666
0.915283203125
0.9131673177083334
0.9144694010416666
0.9134114583333334
0.915771484375
0.91552734375
0.9168294270833334
0.915771484375
0.919189453125
0.9183756510416666
0.9165852864583334
0.9175618489583334
0.9198404947916666
0.9189453125
0.9195963541666666
0.9227701822916666
0.920654296875
0.919921875
0.91796875
0.9183756510416666
0.9202473958333334
0.9210611979166666
0.9212239583333334
0.9212239583333334
0.9198404947916666
0.91845703125
0.917236328125
0.9193522135416666
0.9220377604166666
0.9217936197916666
0.920654296875
0.9208984375
0.9229329427083334
0.9261881510416666
0.92529296875
0.9217122395833334
0.9261881510416666
0.9244791666666666
0.9227701822916666
0.9227701822916666
0.92333984375
0.9253743489583334
0.9247233072916666
0.9251302083333334
0.928466796875
0.9237467447916666
0.9264322916666666
0.9246419270833334
0.9295247395833334
0.927978515625
0.9300130208333334
0.93212890625
0.9306640625
0.931396484375
0.929931640625
0.9286295572916666
0.9251302083333334
0.9326985677083334
0.9309895833333334
0.92724609375
0.92919921875
0.9300130208333334
0.926025390625
0.927001953125
0.9305013020833334
0.932373046875
0.9337565104166666
0.9298502604166666
0.9308268229166666
0.9326985677083334
0.9336751302083334
0.9344075520833334
0.9326985677083334
0.9322102864583334
0.931640625
0.9346516927083334
0.9332682291666666
0.9342447916666666
0.9361979166666666
0.9375
0.9347330729166666
0.9386393229166666
0.9405110677083334
0.9396158854166666
0.9379069010416666
0.939208984375
0.939697265625
0.9384765625
0.9419759114583334
0.940673828125
0.943115234375
0.9402669270833334
0.9379069010416666
0.943115234375
0.9391276041666666
0.9390462239583334
0.94580078125
0.9418131510416666
0.9429524739583334
0.9435221354166666
0.9434407552083334
0.9427897135416666
0.9398600260416666
0.94384765625
0.942626953125
0.9454752604166666
0.947021484375
0.9469401041666666
0.9484049479166666
0.9469401041666666
0.950439453125
0.9523111979166666
0.9482421875
0.9459635416666666
0.9488932291666666
0.9523111979166666
0.9490559895833334
0.94921875
0.9490559895833334
0.9486490885416666
0.9497884114583334
0.9478352864583334
0.9505208333333334
0.949951171875
0.9525553385416666
0.9496256510416666
0.9480794270833334
0.9461263020833334
0.9501953125
0.9497884114583334
0.9488932291666666
0.9500325520833334
0.9536946614583334
0.953369140625
0.9501953125
0.9541829427083334
0.9576822916666666
0.95458984375
0.955322265625
0.9518229166666666
0.9547526041666666
0.9545084635416666
0.9541015625
0.9539388020833334
0.9515787760416666
0.9513346354166666
0.94775390625
0.9491373697916666
0.9517415364583334
0.953125
0.9546712239583334
0.9557291666666666
0.952392578125
0.9520670572916666
0.9536946614583334
0.956787109375
0.9552408854166666
0.9563802083333334
0.95751953125
0.956298828125
0.9529622395833334
0.9544270833333334
0.9510091145833334
0.9525553385416666
0.9539388020833334
0.9557291666666666
0.9589029947916666
0.95751953125
0.9579264322916666
0.9563802083333334
0.9574381510416666
0.9584147135416666
0.957275390625
0.9561360677083334
0.9559733072916666
0.9573567708333334
0.9545084635416666
0.954833984375
0.95361328125
0.9556477864583334
0.9534505208333334
0.9574381510416666
0.9547526041666666
0.9571940104166666
0.955322265625
0.957763671875
0.9580891927083334
0.9549967447916666
0.955322265625
0.9554036458333334
0.954345703125
0.9554036458333334
0.9532877604166666
0.9549153645833334
0.9536946614583334
0.9527180989583334
0.954833984375
0.9551595052083334
0.9537760416666666
0.951416015625
0.9527994791666666
0.949951171875
0.94970703125
0.94873046875
0.9527994791666666
0.9498697916666666
0.9495442708333334
0.9534505208333334
0.9529622395833334
0.9529622395833334
0.954345703125
0.95556640625
0.9568684895833334
0.95556640625
0.95361328125
0.9549153645833334
0.9527180989583334
0.9514973958333334
0.9525553385416666
0.9530436197916666
0.9546712239583334
0.95166015625
0.9522298177083334
0.9566243489583334
0.9521484375
0.9519856770833334
0.9475911458333334
0.9491373697916666
0.9530436197916666
0.953369140625
0.9544270833333334
0.9540201822916666
0.9534505208333334
0.951904296875
0.9547526041666666
0.954345703125
0.9530436197916666
0.953369140625
0.9512532552083334
0.95458984375
0.9549153645833334
0.95556640625
0.9549153645833334
0.9581705729166666
0.9535319010416666
0.9554036458333334
0.9542643229166666
0.9551595052083334
0.95556640625
0.9532063802083334
0.95068359375
0.9544270833333334
0.95703125
0.9546712239583334
0.9567057291666666
0.9580078125
0.9576009114583334
0.9610188802083334
0.95654296875
0.957763671875
0.9566243489583334
0.956298828125
0.9556477864583334
0.954345703125
0.9544270833333334
0.957275390625
0.9567057291666666
0.95458984375
0.9600423177083334
0.95947265625
0.9593912760416666
0.9581705729166666
0.956787109375
0.9568684895833334
0.957275390625
0.9556477864583334
0.9578450520833334
0.9588216145833334
0.9583333333333334
0.9585774739583334
0.960693359375
0.9622395833333334
0.9600423177083334
0.9606119791666666
0.9589029947916666
0.9573567708333334
0.957763671875
0.9607747395833334
0.960205078125
0.9583333333333334
0.9588216145833334
0.9600423177083334
0.9584147135416666
0.9566243489583334
0.9580078125
0.9607747395833334
0.959228515625
0.962158203125
0.9606119791666666
0.9602864583333334
0.9571126302083334
0.958984375
0.96142578125
0.9601236979166666
0.9576009114583334
0.9589029947916666
0.9578450520833334
0.95458984375
0.9559733072916666
0.9605305989583334
0.9578450520833334
0.9571126302083334
0.9599609375
0.95751953125
0.96142578125
0.9576009114583334
0.9605305989583334
0.962646484375
0.9639485677083334
0.9620768229166666
0.962158203125
0.9624837239583334
0.96142578125
0.961669921875
0.9576822916666666
0.9597981770833334
0.9609375
0.9609375
0.95947265625
0.962890625
0.9637858072916666
0.9615071614583334
0.9606119791666666
0.9586588541666666
0.9607747395833334
0.9612630208333334
0.960205078125
0.9609375
0.962890625
0.9585774739583334
0.9600423177083334
0.9632975260416666
0.9628092447916666
0.9568684895833334
0.9611002604166666
0.9566243489583334
0.9571940104166666
0.9539388020833334
0.95947265625
0.9576009114583334
0.958251953125
0.9544270833333334
0.9529622395833334
0.9539388020833334
0.9567057291666666
0.95556640625
0.9585774739583334
0.9610188802083334
0.9608561197916666
0.9571940104166666
0.9571940104166666
0.9597981770833334
0.95849609375
0.9622395833333334
0.9595540364583334
0.9605305989583334
0.9595540364583334
0.9593912760416666
0.9591471354166666
0.9595540364583334
0.9576009114583334
0.959716796875
0.958251953125
0.9602864583333334
0.9602864583333334
0.9600423177083334
0.9630533854166666
0.9609375
0.9639485677083334
0.963134765625
0.9615885416666666
0.9593912760416666
0.9578450520833334
0.9605305989583334
0.958740234375
0.957275390625
0.9598795572916666
0.960205078125
0.9563802083333334
0.9563802083333334
0.955078125
0.9560546875
0.9568684895833334
0.9522298177083334
0.953857421875
0.9530436197916666
0.9512532552083334
0.9556477864583334
0.95703125
0.95654296875
0.956787109375
0.950927734375
0.9580078125
0.9541829427083334
0.9535319010416666
0.9563802083333334
0.95556640625
0.9558919270833334
0.9527994791666666
0.9522298177083334
0.9557291666666666
0.9579264322916666
0.9569498697916666
0.9549153645833334
0.9544270833333334
0.9521484375
0.9501953125
0.9523111979166666
0.9525553385416666
0.9474283854166666
0.948974609375
0.9501953125
0.94677734375
0.9486490885416666
0.9501953125
0.950439453125
0.9429524739583334
0.9474283854166666
0.944580078125
0.9479166666666666
0.9502766927083334
0.9479166666666666
0.9442545572916666
0.9520670572916666
0.9515787760416666
0.9495442708333334
0.94775390625
0.947509765625
0.9517415364583334
0.95166015625
0.9476725260416666
0.9441731770833334
0.9440104166666666
0.9466959635416666
0.9488118489583334
0.949951171875
0.9454752604166666
0.9473470052083334
0.945556640625
0.94140625
0.9471842447916666
0.9462076822916666
0.942138671875
0.9451497395833334
0.9471028645833334
0.9443359375
0.9432779947916666
0.94091796875
0.9429524739583334
0.9380696614583334
0.939697265625
0.939453125
0.9432779947916666
0.9449869791666666
0.94091796875
0.9383138020833334
0.9407552083333334
0.940673828125
0.9347330729166666
0.9420572916666666
0.9373372395833334
0.9410807291666666
0.9373372395833334
0.9376627604166666
0.9388834635416666
0.9345703125
0.9384765625
0.9409993489583334
0.9388834635416666
0.937744140625
0.9345703125
0.9322102864583334
0.9345703125
0.9344075520833334
0.932861328125
0.9334309895833334
0.93408203125
0.9383951822916666
0.9332682291666666
0.9297688802083334
0.9341634114583334
0.93310546875
0.933349609375
0.93408203125
0.93408203125
0.9291178385416666
0.9307454427083334
0.9318033854166666
0.9325358072916666
0.9303385416666666
0.9330240885416666
0.9331868489583334
0.9329427083333334
0.9283854166666666
0.9261067708333334
0.9326985677083334
0.9286295572916666
0.935791015625
0.9344889322916666
0.9385579427083334
0.9339192708333334
0.935546875
0.930908203125
0.929931640625
0.9317220052083334
0.9366861979166666
0.935791015625
0.9322102864583334
0.939208984375
0.9346516927083334
0.9388834635416666
0.9344075520833334
0.929931640625
0.9317220052083334
0.9330240885416666
0.928955078125
0.932861328125
0.9340006510416666
0.93701171875
0.927734375
0.9274088541666666
0.9324544270833334
0.927001953125
0.9331868489583334
0.9370930989583334
0.9349772135416666
0.9364420572916666
0.9310709635416666
0.9312337239583334
0.937744140625
0.93017578125
0.9313151041666666
0.9307454427083334
0.9313151041666666
0.9295247395833334
0.931640625
0.927978515625
0.9305013020833334
0.9293619791666666
0.93212890625
0.9319661458333334
0.9288736979166666
0.9342447916666666
0.93310546875
0.9314778645833334
0.927734375
0.9275716145833334
0.9278971354166666
0.9295247395833334
0.9261067708333334
0.9261881510416666
0.9334309895833334
0.9312337239583334
0.931640625
0.930419921875
0.9295247395833334
0.9271647135416666
0.9263509114583334
0.9236653645833334
0.923583984375
0.9261067708333334
0.9259440104166666
0.9237467447916666
0.928955078125
0.92724609375
0.9268391927083334
0.9220377604166666
0.9228515625
0.9266764322916666
0.9192708333333334
0.921142578125
0.9160970052083334
0.92041015625
0.9212239583333334
0.9192708333333334
0.92724609375
0.91748046875
0.9212239583333334
0.9215494791666666
0.9165852864583334
0.92626953125
0.9192708333333334
0.9215494791666666
0.9232584635416666
0.921875
0.9173990885416666
0.9189453125
0.92578125
0.924560546875
0.9300130208333334
0.922607421875
0.92333984375
0.924072265625
0.926513671875
0.929931640625
0.923095703125
0.9227701822916666
0.91552734375
0.9217936197916666
0.9169921875
0.91748046875
0.9166666666666666
0.92529296875
0.9230143229166666
0.919677734375
0.9217122395833334
0.9169921875
0.9192708333333334
0.9217122395833334
0.9215494791666666
0.91748046875
0.9139811197916666
0.91455078125
0.920166015625
0.9126790364583334
0.9144694010416666
0.9195963541666666
0.9151204427083334
0.9156087239583334
0.9083658854166666
0.9141438802083334
0.9176432291666666
0.909423828125
0.9098307291666666
0.9140625
0.912353515625
0.9092610677083334
0.9193522135416666
0.9151204427083334
0.9131673177083334
0.9134114583333334
0.912109375
0.9134928385416666
0.9143880208333334
0.91162109375
0.9038899739583334
0.9056803385416666
0.91259765625
0.9117024739583334
0.9091796875
0.91064453125
0.9192708333333334
0.9110514322916666
0.9141438802083334
0.91357421875
0.910888671875
0.9186197916666666
0.920654296875
0.9158528645833334
0.91650390625
0.9115397135416666
0.9171549479166666
0.9137369791666666
0.9152018229166666
0.911376953125
0.915771484375
0.9148763020833334
0.9092610677083334
0.9156901041666666
0.9142252604166666
0.9124348958333334
0.9086100260416666
0.9082845052083334
0.9095865885416666
0.9127604166666666
0.9103190104166666
0.909912109375
0.913818359375
0.9154459635416666
0.91455078125
0.917236328125
0.9080403645833334
0.9108072916666666
0.904541015625
0.9095052083333334
0.9144694010416666
0.9146321614583334
0.9066569010416666
0.9117838541666666
0.9071451822916666
0.9053548177083334
0.9085286458333334
0.9090169270833334
0.9054361979166666
0.9115397135416666
0.9148763020833334
0.915771484375
0.9080403645833334
0.90869140625
0.90625
0.9051920572916666
0.906494140625
0.903076171875
0.9090169270833334
0.9059244791666666
0.907470703125
0.904541015625
0.9049479166666666
0.9053548177083334
0.8993326822916666
0.901123046875
0.902587890625
0.899169921875
0.898193359375
0.9034830729166666
0.8984375
0.9036458333333334
0.8941243489583334
0.9049479166666666
0.9019368489583334
0.9005533854166666
0.90380859375
0.9052734375
0.9024251302083334
0.8919270833333334
0.8972981770833334
0.8995768229166666
0.8982747395833334
0.900390625
0.90625
0.8981119791666666
0.9054361979166666
0.9032389322916666
0.8986002604166666
0.89794921875
0.8951822916666666
0.9046223958333334
0.8995768229166666
0.8965657552083334
0.899169921875
0.9000651041666666
0.8921712239583334
0.8917643229166666
0.895751953125
0.8943684895833334
0.900634765625
0.8992513020833334
0.9034016927083334
0.8994954427083334
0.8954264322916666
0.9007975260416666
0.9007161458333334
0.8960774739583334
0.8938802083333334
0.8946126302083334
0.8916829427083334
0.8902180989583334
0.8810221354166666
0.8897298177083334
0.8939615885416666
0.883544921875
0.8896484375
0.8942057291666666
0.891845703125
0.8872884114583334
0.8897298177083334
0.8902180989583334
0.8916015625
0.8902180989583334
0.888427734375
0.8943684895833334
0.8885091145833334
0.8821614583333334
0.8819173177083334
0.8805338541666666
0.8865559895833334
0.8811848958333334
0.8793131510416666
0.8810221354166666
0.8777669270833334
0.8819173177083334
0.8780110677083334
0.882568359375
0.8728841145833334
0.870849609375
0.8706868489583334
0.8740234375
0.87841796875
0.87646484375
0.8827311197916666
0.8780110677083334
0.8779296875
0.8759765625
0.8775227864583334
0.87158203125
0.874755859375
0.8722330729166666
0.8795572916666666
0.8663736979166666
0.868408203125
0.8645833333333334
0.859619140625
0.8606770833333334
0.8562825520833334
0.8662923177083334
0.8562825520833334
0.8509114583333334
0.8466796875
0.83740234375
