0.9559044471153846
0.9552283653846154
0.9559795673076923
0.9574819711538461
0.9604116586538461
0.9595102163461539
0.9588341346153846
0.9558293269230769
0.9545522836538461
0.9560546875
0.9574068509615384
0.9559795673076923
0.9558293269230769
0.9595102163461539
0.9582331730769231
0.9579326923076923
0.9576322115384616
0.9567307692307693
0.9579326923076923
0.9594350961538461
0.9605618990384616
0.9571063701923077
0.9573317307692307
0.9562800480769231
0.9562049278846154
0.9553786057692307
0.9553786057692307
0.9571814903846154
0.9594350961538461
0.9595102163461539
0.9606370192307693
0.9600360576923077
0.9580829326923077
0.9572566105769231
0.9577073317307693
0.9582331730769231
0.9577824519230769
0.9552283653846154
0.9535757211538461
0.9551532451923077
0.9566556490384616
0.9562800480769231
0.9557542067307693
0.9562800480769231
0.9606370192307693
0.9601862980769231
0.9601111778846154
0.9553786057692307
0.9563551682692307
0.955078125
0.9546274038461539
0.9547776442307693
0.9541766826923077
0.9573317307692307
0.9571063701923077
0.9541015625
0.95703125
0.9583082932692307
0.9534254807692307
0.9546274038461539
0.9553786057692307
0.9560546875
0.9552283653846154
0.955078125
0.9565805288461539
0.9565805288461539
0.9569561298076923
0.9554537259615384
0.9571814903846154
0.9552283653846154
0.9583082932692307
0.9593599759615384
0.9595102163461539
0.9575570913461539
0.9585336538461539
0.9595853365384616
0.9558293269230769
0.9562800480769231
0.9587590144230769
0.9574068509615384
0.9567307692307693
0.9590594951923077
0.9557542067307693
0.9541015625
0.9548527644230769
0.955078125
0.9558293269230769
0.9552283653846154
0.9560546875
0.9575570913461539
0.9563551682692307
0.9563551682692307
0.9567307692307693
0.9535006009615384
0.9552283653846154
0.9578575721153846
0.9622896634615384
0.9607872596153846
0.9621394230769231
0.9588341346153846
0.9584585336538461
0.9612379807692307
0.9605618990384616
0.9598106971153846
0.9610877403846154
0.9607121394230769
0.9584585336538461
0.9588341346153846
0.9582331730769231
0.9586087740384616
0.9573317307692307
0.9600360576923077
0.9591346153846154
0.9584585336538461
0.9577824519230769
0.9614633413461539
0.9578575721153846
0.9593599759615384
0.9597355769230769
0.9556790865384616
0.9573317307692307
0.9550030048076923
0.9550030048076923
0.9595853365384616
0.9589092548076923
0.9565805288461539
0.9598858173076923
0.9579326923076923
0.9561298076923077
0.9565805288461539
0.955078125
0.9565805288461539
0.9582331730769231
0.9595102163461539
0.9574819711538461
0.9586838942307693
0.955078125
0.9553786057692307
0.9577073317307693
0.9559044471153846
0.9563551682692307
0.9566556490384616
0.9569561298076923
0.9583834134615384
0.9556039663461539
0.9562800480769231
0.9586838942307693
0.9585336538461539
0.9612379807692307
0.9620643028846154
0.9613131009615384
0.9613131009615384
0.9599609375
0.9602614182692307
0.9598106971153846
0.9616887019230769
0.9592848557692307
0.9610877403846154
0.9594350961538461
0.9598106971153846
0.9613882211538461
0.9609375
0.9607872596153846
0.9610126201923077
0.9604867788461539
0.9583082932692307
0.9578575721153846
0.9607872596153846
0.9598106971153846
0.9580829326923077
0.9571814903846154
0.9583834134615384
0.9626652644230769
0.9621394230769231
0.9621394230769231
0.9592848557692307
0.9602614182692307
0.9592097355769231
0.9591346153846154
0.9592097355769231
0.9608623798076923
0.9560546875
0.95703125
0.9616887019230769
0.9557542067307693
0.9586087740384616
0.9576322115384616
0.9565805288461539
0.9575570913461539
0.9571814903846154
0.9577824519230769
0.9592848557692307
0.9565805288461539
0.9588341346153846
0.9584585336538461
0.9575570913461539
0.9593599759615384
0.9611628605769231
0.9608623798076923
0.9577824519230769
0.9592848557692307
0.958984375
0.9573317307692307
0.9595102163461539
0.9602614182692307
0.9586087740384616
0.9601862980769231
0.9569561298076923
0.9582331730769231
0.9593599759615384
0.9582331730769231
0.9580829326923077
0.9604867788461539
0.9582331730769231
0.9578575721153846
0.9588341346153846
0.9552283653846154
0.9565805288461539
0.9563551682692307
0.9565805288461539
0.9562800480769231
0.9553034855769231
0.9552283653846154
0.9554537259615384
0.9568810096153846
0.9529747596153846
0.9559044471153846
0.9584585336538461
0.9585336538461539
0.9535757211538461
0.9568058894230769
0.9559795673076923
0.9594350961538461
0.9575570913461539
0.9578575721153846
0.9582331730769231
0.9589092548076923
0.9569561298076923
0.9600360576923077
0.9556039663461539
0.9553786057692307
0.9562049278846154
0.9553786057692307
0.9572566105769231
0.9541015625
0.955078125
0.9573317307692307
0.9583082932692307
0.9578575721153846
0.9582331730769231
0.9557542067307693
0.9551532451923077
0.9590594951923077
0.9604867788461539
0.9577073317307693
0.9542518028846154
0.9568810096153846
0.9568810096153846
0.9562049278846154
0.9553786057692307
0.9568810096153846
0.9547025240384616
0.9556790865384616
0.958984375
0.9560546875
0.9553786057692307
0.9588341346153846
0.9559795673076923
0.9559795673076923
0.9568058894230769
0.9572566105769231
0.9576322115384616
0.9572566105769231
0.9534254807692307
0.9545522836538461
0.9535006009615384
0.9507211538461539
0.9506460336538461
0.9540264423076923
0.9527493990384616
0.9530498798076923
0.9499699519230769
0.9521484375
0.9501201923076923
0.9513221153846154
0.9512469951923077
0.9495192307692307
0.9526742788461539
0.9514723557692307
0.9547776442307693
0.9501953125
0.9527493990384616
0.9528245192307693
0.9518479567307693
0.9501953125
0.9544771634615384
0.9520733173076923
0.9571063701923077
0.9564302884615384
0.955078125
0.9500450721153846
0.9536508413461539
0.9538762019230769
0.9540264423076923
0.9537259615384616
0.9528245192307693
0.9546274038461539
0.9541015625
0.9536508413461539
0.9549278846153846
0.9532001201923077
0.9510967548076923
0.9525240384615384
0.9525991586538461
0.9510216346153846
0.9502704326923077
0.9498948317307693
0.9507962740384616
0.9541766826923077
0.9524489182692307
0.953125
0.9510216346153846
0.9541015625
0.9534254807692307
0.9514723557692307
0.9480919471153846
0.9515474759615384
0.951171875
0.9498948317307693
0.9501201923076923
0.9488431490384616
0.9514723557692307
0.9482421875
0.9438100961538461
0.9467397836538461
0.9477914663461539
0.9479417067307693
0.9463641826923077
0.9500450721153846
0.9477163461538461
0.9485426682692307
0.9520733173076923
0.9498948317307693
0.9487680288461539
0.9480168269230769
0.9468149038461539
0.9499699519230769
0.9504206730769231
0.9489182692307693
0.9431340144230769
0.9484675480769231
0.9455378605769231
0.9450120192307693
0.9463641826923077
0.9444861778846154
0.9462890625
0.9447866586538461
0.9473407451923077
0.9460637019230769
0.9469651442307693
0.9478665865384616
0.9492938701923077
0.9483173076923077
0.9479417067307693
0.9476412259615384
0.9473407451923077
0.9447115384615384
0.9424579326923077
0.9432842548076923
0.9423076923076923
0.9438100961538461
0.9454627403846154
0.9411057692307693
0.939453125
0.9446364182692307
0.9416316105769231
0.9431340144230769
0.9418569711538461
0.9406550480769231
0.9402794471153846
0.9429086538461539
0.9417067307692307
0.9423076923076923
0.9416316105769231
0.9402043269230769
0.9428335336538461
0.9428335336538461
0.9423828125
0.9411057692307693
0.9393780048076923
0.9403545673076923
0.9427584134615384
0.9423828125
0.9396033653846154
0.9431340144230769
0.9422325721153846
0.9405048076923077
0.9402043269230769
0.9410306490384616
0.9396033653846154
0.9419320913461539
0.939453125
0.935546875
0.9357722355769231
0.9356971153846154
0.9389272836538461
0.9409555288461539
0.9425330528846154
0.9419320913461539
0.9412560096153846
0.9432842548076923
0.9400540865384616
0.9371243990384616
0.9372746394230769
0.9381009615384616
0.9363731971153846
0.9405799278846154
0.9376502403846154
0.9408052884615384
0.9368990384615384
0.9377253605769231
0.9390024038461539
0.9397536057692307
0.9383263221153846
0.9411808894230769
0.9362980769230769
0.9378756009615384
0.9354717548076923
0.9365234375
0.9365985576923077
0.9332181490384616
0.9347956730769231
0.9329927884615384
0.9381760817307693
0.9341947115384616
0.9314903846153846
0.9367487980769231
0.9384765625
0.9353966346153846
0.9347205528846154
0.9327674278846154
0.9322415865384616
0.9353966346153846
0.9301382211538461
0.9298377403846154
0.9293870192307693
0.9308894230769231
0.9322415865384616
0.9307391826923077
0.9302133413461539
0.9320913461538461
0.9360727163461539
0.9343449519230769
0.9350210336538461
0.9344951923076923
0.9285606971153846
0.9276592548076923
0.9351712740384616
0.9350210336538461
0.9341195913461539
0.9347956730769231
0.9359224759615384
0.9341947115384616
0.9337439903846154
0.9344951923076923
0.9296123798076923
0.9308143028846154
0.9329927884615384
0.9311899038461539
0.9333683894230769
0.9332181490384616
0.9336688701923077
0.9341195913461539
0.9323167067307693
0.9317157451923077
0.9338942307692307
0.9289362980769231
0.9330679086538461
0.9319411057692307
0.9343449519230769
0.9405799278846154
0.9417067307692307
0.9389272836538461
0.9393028846153846
0.9390775240384616
0.9370492788461539
0.9341947115384616
0.9326171875
0.9334435096153846
0.9351712740384616
0.9339693509615384
0.9332932692307693
0.9362980769230769
0.9352463942307693
0.9321664663461539
0.9319411057692307
0.9332932692307693
0.9344200721153846
0.9347205528846154
0.9341195913461539
0.9347205528846154
0.9380258413461539
0.9318659855769231
0.9299879807692307
0.9293118990384616
0.9302884615384616
0.9287860576923077
0.9314152644230769
0.9371243990384616
0.9353966346153846
0.9298377403846154
0.9297626201923077
0.9303635817307693
0.9327674278846154
0.9289362980769231
0.9281099759615384
0.9310396634615384
0.9305138221153846
0.9251802884615384
0.9278846153846154
0.9284855769230769
0.9251051682692307
0.9246544471153846
0.9242037259615384
0.9236778846153846
0.9296875
0.9269080528846154
0.9305138221153846
0.9291616586538461
0.9310396634615384
0.9274338942307693
0.9302884615384616
0.9317908653846154
0.9284104567307693
0.9283353365384616
0.9233774038461539
0.9251051682692307
0.9226262019230769
0.9266826923076923
0.9292367788461539
0.9213491586538461
0.9190204326923077
0.9251051682692307
0.9262319711538461
0.9242037259615384
0.9208233173076923
0.9234525240384616
0.9254056490384616
0.9211237980769231
0.9211989182692307
0.9260817307692307
0.9249549278846154
0.9235276442307693
0.9181941105769231
0.9166917067307693
0.9172926682692307
0.9190955528846154
0.9188701923076923
0.9196965144230769
0.9107572115384616
0.9131610576923077
0.9193960336538461
0.9184194711538461
0.9158653846153846
0.9173677884615384
0.9167668269230769
0.9133112980769231
0.9154897836538461
0.9172926682692307
0.9181941105769231
0.9229266826923077
0.9170673076923077
0.9180438701923077
0.9185697115384616
0.9248798076923077
0.9256310096153846
0.9284104567307693
0.9213491586538461
0.9178185096153846
0.9169170673076923
0.9239783653846154
0.9189453125
0.9205979567307693
0.9164663461538461
0.9165414663461539
0.9192457932692307
0.9146634615384616
0.9134615384615384
0.9166165865384616
0.9138371394230769
0.9134615384615384
0.9177433894230769
0.9199969951923077
0.9176682692307693
0.9143629807692307
0.9166165865384616
0.9165414663461539
0.916015625
0.9133112980769231
0.9139873798076923
0.9173677884615384
0.9176682692307693
0.9158653846153846
0.9149639423076923
0.9142127403846154
0.9135366586538461
0.9165414663461539
0.9135366586538461
0.9127854567307693
0.9100811298076923
0.9102313701923077
0.9100811298076923
0.91015625
0.9136868990384616
0.9158653846153846
0.9132361778846154
0.9103064903846154
0.9099308894230769
0.9129356971153846
0.9083533653846154
0.912109375
0.9113581730769231
0.9134615384615384
0.9124098557692307
0.9159405048076923
0.9156400240384616
0.9090294471153846
0.9124098557692307
0.9102313701923077
0.9079777644230769
0.9092548076923077
0.9070012019230769
0.9094050480769231
0.9100060096153846
0.9057241586538461
0.9072265625
0.9074519230769231
0.9100811298076923
0.9050480769230769
0.9086538461538461
0.9095552884615384
0.9107572115384616
0.9116586538461539
0.9044471153846154
0.9076772836538461
0.9103064903846154
0.9087289663461539
0.9035456730769231
0.8986628605769231
0.9001652644230769
0.9018930288461539
0.8988131009615384
0.9025691105769231
0.9015925480769231
0.9012169471153846
0.8979867788461539
0.8969350961538461
0.8935546875
0.8939302884615384
0.892578125
0.8928786057692307
0.8889723557692307
0.8875450721153846
0.8821364182692307
0.8802584134615384
0.8840895432692307
0.8854417067307693
0.8839393028846154
0.8825120192307693
0.8806340144230769
0.8803335336538461
0.8716947115384616
0.8759765625
0.8781550480769231
0.8780048076923077
0.8719200721153846
0.8745492788461539
0.8768028846153846
0.8724459134615384
0.873046875
0.8725961538461539
0.8728966346153846
0.8734975961538461
0.8737980769230769
0.8694411057692307
0.8686899038461539
0.8645582932692307
0.8700420673076923
0.8646334134615384
0.8723707932692307
0.8723707932692307
0.8711688701923077
0.8696664663461539
0.8659104567307693
0.8650841346153846
0.8597506009615384
0.8674128605769231
0.8628305288461539
0.8605018028846154
0.8626802884615384
0.8506610576923077
0.8583233173076923
0.8592247596153846
0.8626051682692307
0.8556941105769231
0.8557692307692307
0.8544921875
0.8469050480769231
0.8534405048076923
0.8454026442307693
0.8468299278846154
0.8443509615384616
0.8463040865384616
0.8418719951923077
0.8433743990384616
0.8404447115384616
0.8354116586538461
0.8354867788461539
0.8323317307692307
0.8376652644230769
0.8390925480769231
0.8343599759615384
0.8369891826923077
0.8338341346153846
0.8254957932692307
0.8212139423076923
0.8188852163461539
0.8272986778846154
0.8171574519230769
0.8130258413461539
0.8146033653846154
0.8131760817307693
0.8149789663461539
0.8156550480769231
0.81640625
0.8093449519230769
0.8085186298076923
0.8088942307692307
0.8067908653846154
0.8082181490384616
0.8058143028846154
0.8037860576923077
0.8063401442307693
0.8052884615384616
0.8008563701923077
0.7992788461538461
0.7946213942307693
0.7967998798076923
0.7985276442307693
0.794921875
0.7900390625
0.7855318509615384
0.7848557692307693
0.7878605769230769
0.7859825721153846
0.7890625
0.7882361778846154
0.7889873798076923
0.7853816105769231
0.78515625
0.7839543269230769
0.7785456730769231
0.7807241586538461
0.7843299278846154
0.7752403846153846
0.7795222355769231
0.7718599759615384
0.7703575721153846
0.7746394230769231
0.7724609375
0.7679537259615384
0.7663010817307693
0.7668269230769231
0.7697566105769231
0.7657752403846154
0.7566856971153846
0.759765625
0.7620192307692307
0.7618689903846154
0.7611177884615384
0.7634465144230769
0.7572115384615384
0.7518028846153846
0.7629206730769231
0.7596153846153846
0.7557842548076923
0.7638221153846154
0.7616436298076923
0.7611177884615384
0.7662259615384616
0.7556340144230769
0.7589393028846154
0.7536808894230769
0.7575120192307693
0.7511268028846154
0.7487229567307693
0.7554086538461539
0.7505258413461539
0.7543569711538461
0.7502253605769231
0.7510516826923077
0.7532301682692307
0.7490234375
0.7496995192307693
0.7526292067307693
0.7433143028846154
0.7504507211538461
0.7487229567307693
0.7499248798076923
0.7445913461538461
0.7442908653846154
0.7405348557692307
0.7415114182692307
0.7369290865384616
0.7396334134615384
0.7370793269230769
0.7405348557692307
0.7400841346153846
0.7422626201923077
0.7440655048076923
0.7418870192307693
0.7440655048076923
0.7334735576923077
0.7398587740384616
0.7346754807692307
0.7267127403846154
0.7253605769230769
0.73046875
0.7308443509615384
0.7296424278846154
0.7244591346153846
0.7273137019230769
0.7355018028846154
0.7296424278846154
0.7275390625
0.7155949519230769
0.7203275240384616
0.7286658653846154
0.720703125
0.7167217548076923
0.7145432692307693
0.7145432692307693
0.7160456730769231
0.7120643028846154
0.7098858173076923
0.7140925480769231
0.7101862980769231
0.7111628605769231
0.7139423076923077
0.7162710336538461
0.7083834134615384
0.7104867788461539
0.7059044471153846
0.7044771634615384
0.7078575721153846
0.6998197115384616
0.6993689903846154
0.7044771634615384
0.6963641826923077
0.6953876201923077
0.6973407451923077
0.6890024038461539
0.6898287259615384
0.693359375
0.6968149038461539
0.6914813701923077
0.6932842548076923
0.6882512019230769
0.6966646634615384
0.6928335336538461
0.6881009615384616
0.6883263221153846
0.6874248798076923
0.6839693509615384
0.681640625
0.6772836538461539
0.6833683894230769
0.6902794471153846
0.6813401442307693
0.6832181490384616
0.6842698317307693
0.6890775240384616
0.6869741586538461
0.6915564903846154
0.6856971153846154
0.6955378605769231
0.6850210336538461
0.6853215144230769
0.6844951923076923
0.6837439903846154
0.6762319711538461
0.6810396634615384
0.6823918269230769
0.6799128605769231
0.6789362980769231
0.6874248798076923
0.6770582932692307
0.6787109375
0.6859975961538461
0.6893780048076923
0.6888521634615384
0.6871243990384616
0.6844200721153846
0.6881760817307693
0.6881009615384616
0.6908052884615384
0.6847956730769231
0.6798377403846154
0.6779597355769231
0.6759314903846154
0.6781099759615384
0.6819411057692307
0.68359375
0.6823167067307693
0.6829927884615384
0.6808894230769231
0.6829927884615384
0.6809645432692307
0.6766075721153846
0.6733022836538461
0.6780348557692307
0.6779597355769231
0.6854717548076923
0.6791616586538461
0.6782602163461539
0.6847956730769231
0.6857722355769231
0.6860727163461539
0.6804387019230769
0.6848707932692307
0.6871243990384616
0.6818659855769231
0.6852463942307693
0.6778846153846154
0.6753305288461539
0.6814152644230769
0.6818659855769231
0.6851712740384616
0.6796875
0.6713491586538461
0.6853966346153846
0.6752554086538461
0.6722506009615384
0.6812650240384616
0.6829927884615384
0.6849459134615384
0.6758563701923077
0.6793118990384616
0.6754056490384616
0.6811899038461539
0.6862980769230769
0.6826171875
0.6763070913461539
0.6820162259615384
0.6739032451923077
0.6728515625
0.6756310096153846
0.6804387019230769
0.6784855769230769
0.6713491586538461
0.6732271634615384
0.6751051682692307
0.6763822115384616
0.6808894230769231
0.6784104567307693
0.6793870192307693
0.6790865384615384
0.6784855769230769
0.6791616586538461
0.6817157451923077
0.6779597355769231
0.6801382211538461
0.6766826923076923
0.6736027644230769
0.6840444711538461
0.6804387019230769
0.6757061298076923
0.6698467548076923
0.6691706730769231
0.6775090144230769
0.6736778846153846
0.6810396634615384
0.6804387019230769
0.6747295673076923
0.6757061298076923
0.6740534855769231
0.6716496394230769
0.6739783653846154
0.6819411057692307
0.6797626201923077
0.6801382211538461
0.6768329326923077
0.6745793269230769
0.6799128605769231
0.6760817307692307
0.6774338942307693
0.6751051682692307
0.6734525240384616
0.6741286057692307
0.6799879807692307
0.6781099759615384
