0.7364032451923077
0.6908804086538461
0.6862229567307693
0.6745793269230769
0.6813401442307693
0.6763822115384616
0.6784855769230769
0.6774338942307693
0.6822415865384616
0.6681189903846154
0.671875
0.6690955528846154
0.6742037259615384
0.6753305288461539
0.6733022836538461
0.6721754807692307
0.6724008413461539
0.6739783653846154
0.6729266826923077
0.6792367788461539
0.6865234375
0.6766075721153846
0.6727764423076923
0.6758563701923077
0.6801382211538461
0.6772836538461539
0.6804387019230769
0.6747295673076923
0.6729266826923077
0.6741286057692307
0.6799879807692307
0.6773587740384616
0.6799879807692307
0.6715745192307693
0.6711237980769231
0.6762319711538461
0.6753305288461539
0.6763070913461539
0.6725510817307693
0.6720252403846154
0.6844951923076923
0.6782602163461539
0.6769831730769231
0.677734375
0.6753305288461539
0.6837439903846154
0.6822415865384616
0.6747295673076923
0.6772836538461539
0.6779597355769231
0.6801382211538461
0.6785606971153846
0.6772836538461539
0.6799128605769231
0.6778846153846154
0.6784104567307693
0.6728515625
0.6804387019230769
0.6889272836538461
0.6822415865384616
0.6763070913461539
0.6790114182692307
0.6829176682692307
0.6769831730769231
0.6781099759615384
0.6730769230769231
0.6711989182692307
0.6815655048076923
0.6800631009615384
0.6788611778846154
0.6821664663461539
0.6779597355769231
0.6788611778846154
0.6811899038461539
0.6808143028846154
0.6778094951923077
0.6801382211538461
0.685546875
0.6912560096153846
0.6842698317307693
0.6825420673076923
0.6820162259615384
0.6817157451923077
0.6833683894230769
0.6892277644230769
0.6839693509615384
0.6791616586538461
0.6818659855769231
0.6772836538461539
0.6817157451923077
0.6767578125
0.6847205528846154
0.6838942307692307
0.677734375
0.6824669471153846
0.6846454326923077
0.6889272836538461
0.6802133413461539
0.6836688701923077
0.6797626201923077
0.6831430288461539
0.6884765625
0.6856971153846154
0.6787109375
0.6834435096153846
0.6839693509615384
0.6817908653846154
0.6807391826923077
0.6812650240384616
0.6873497596153846
0.6846454326923077
0.685546875
0.677734375
0.6811147836538461
0.6844200721153846
0.6739032451923077
0.6808894230769231
0.6830679086538461
0.6890024038461539
0.6857722355769231
0.6839693509615384
0.6843449519230769
0.6810396634615384
0.6878004807692307
0.6853215144230769
0.6888521634615384
0.6784855769230769
0.6889272836538461
0.6923076923076923
0.6837439903846154
0.6874248798076923
0.6902043269230769
0.6941105769230769
0.6893780048076923
0.6802884615384616
0.6861478365384616
0.6862229567307693
0.6875751201923077
0.6862229567307693
0.6872746394230769
0.6857722355769231
0.6923828125
0.6895282451923077
0.6826171875
0.6906550480769231
0.6932091346153846
0.6936598557692307
0.6929086538461539
0.6942608173076923
0.6856971153846154
0.6840444711538461
0.68359375
0.6830679086538461
0.6880258413461539
0.6887019230769231
0.6772085336538461
0.6792367788461539
0.6817157451923077
0.6806640625
0.6817157451923077
0.6903545673076923
0.6862980769230769
0.6925330528846154
0.6899038461538461
0.6804387019230769
0.6841195913461539
0.6856971153846154
0.6929086538461539
0.6878756009615384
0.6917067307692307
0.6899789663461539
0.6893028846153846
0.6908052884615384
0.6906550480769231
0.6914813701923077
0.6926081730769231
0.6841195913461539
0.6882512019230769
0.6872746394230769
0.6857722355769231
0.6920823317307693
0.6902043269230769
0.6900540865384616
0.6882512019230769
0.6908052884615384
0.6902794471153846
0.6986177884615384
0.6942608173076923
0.6884765625
0.6983173076923077
0.6956129807692307
0.6929086538461539
0.6944110576923077
0.6950871394230769
0.6955378605769231
0.6917067307692307
0.6906550480769231
0.6856219951923077
0.6790114182692307
0.6913311298076923
0.6941105769230769
0.6889272836538461
0.6941105769230769
0.6955378605769231
0.693359375
0.6931340144230769
0.6919320913461539
0.7010216346153846
0.6991436298076923
0.6935096153846154
0.6830679086538461
0.6911057692307693
0.6874248798076923
0.6958383413461539
0.6947115384615384
0.6947866586538461
0.6977163461538461
0.6950120192307693
0.6899789663461539
0.6898287259615384
0.6994441105769231
0.6977163461538461
0.6956129807692307
0.6899038461538461
0.6948617788461539
0.6923076923076923
0.6968149038461539
0.6964393028846154
0.6988431490384616
0.6991436298076923
0.7016977163461539
0.6951622596153846
0.6979417067307693
0.6974909855769231
0.6968900240384616
0.7001201923076923
0.7003455528846154
0.6989182692307693
0.6929086538461539
0.7003455528846154
0.7017728365384616
0.6958383413461539
0.6967397836538461
0.6928335336538461
0.6968900240384616
0.6967397836538461
0.69921875
0.6913311298076923
0.6941856971153846
0.6941856971153846
0.6907301682692307
0.6954627403846154
0.6903545673076923
0.6951622596153846
0.6908804086538461
0.6978665865384616
0.6957632211538461
0.6968149038461539
0.6950120192307693
0.7013972355769231
0.6994441105769231
0.6993689903846154
0.6968149038461539
0.6958383413461539
0.6960637019230769
0.7010216346153846
0.6994441105769231
0.7010216346153846
0.6999699519230769
0.69921875
0.7007962740384616
0.6893028846153846
0.7061298076923077
0.6962890625
0.7017728365384616
0.6969651442307693
0.6999699519230769
0.6983924278846154
0.7026742788461539
0.6998197115384616
0.6980919471153846
0.6973407451923077
0.7024489182692307
0.7022235576923077
0.6969651442307693
0.6952373798076923
0.6951622596153846
0.6988431490384616
0.6942608173076923
0.7016225961538461
0.6989933894230769
0.7020733173076923
0.6974158653846154
0.6961388221153846
0.703125
0.7013972355769231
0.6977914663461539
0.6994441105769231
0.7128155048076923
0.7052283653846154
0.7051532451923077
0.7061298076923077
0.7035757211538461
0.7032752403846154
0.7044771634615384
0.7054537259615384
0.6953125
0.6990685096153846
0.7037259615384616
0.7100360576923077
0.6970402644230769
0.7040264423076923
0.6953125
0.6983924278846154
0.7065054086538461
0.7027493990384616
0.7016225961538461
0.7016225961538461
0.7086838942307693
0.7079326923076923
0.7106370192307693
0.7030498798076923
0.7062800480769231
0.69921875
0.7002704326923077
0.7065054086538461
0.7025240384615384
0.7056790865384616
0.6994441105769231
0.7005709134615384
0.7021484375
0.6940354567307693
0.6973407451923077
0.7021484375
0.7083834134615384
0.7041015625
0.7084585336538461
0.7056039663461539
0.7032752403846154
0.7066556490384616
0.7044020432692307
0.7038762019230769
0.7056790865384616
0.7058293269230769
0.7087590144230769
0.7085336538461539
0.7093599759615384
0.7116135817307693
0.7048527644230769
0.7045522836538461
0.7095102163461539
0.7038762019230769
0.7042518028846154
0.7057542067307693
0.7043269230769231
0.7095853365384616
0.7129657451923077
0.7087590144230769
0.7071063701923077
0.7058293269230769
0.7090594951923077
0.7080078125
0.7122145432692307
0.7140925480769231
0.7058293269230769
0.7120643028846154
0.7085336538461539
0.7083082932692307
0.7134164663461539
0.7110126201923077
0.7143930288461539
0.7104116586538461
0.7043269230769231
0.7107121394230769
0.7145432692307693
0.7166466346153846
0.7117638221153846
0.7099609375
0.7157451923076923
0.7149188701923077
0.7093599759615384
0.7095853365384616
0.7087590144230769
0.7128155048076923
0.7083834134615384
0.7124399038461539
0.7123647836538461
0.7136418269230769
0.7204026442307693
0.7149939903846154
0.7069561298076923
0.7112379807692307
0.7120643028846154
0.7130408653846154
0.7173978365384616
0.7113882211538461
0.7121394230769231
0.7122145432692307
0.7152193509615384
0.7113131009615384
0.7110126201923077
0.7082331730769231
0.7111628605769231
0.7141676682692307
0.7069561298076923
0.7044771634615384
0.7102614182692307
0.7202524038461539
0.7138671875
0.7181490384615384
0.7141676682692307
0.7154447115384616
0.7184495192307693
0.7143179086538461
0.7084585336538461
0.7181490384615384
0.7107121394230769
0.7149939903846154
0.7110877403846154
0.7167217548076923
0.7169471153846154
0.7177734375
0.7137920673076923
0.7101111778846154
0.7152193509615384
0.7135667067307693
0.7110877403846154
0.7185246394230769
0.7192007211538461
0.7179987980769231
0.7162710336538461
0.7262620192307693
0.7276141826923077
0.71484375
0.7138671875
0.7113131009615384
0.7109375
0.7164212740384616
0.7181490384615384
0.720703125
0.7215294471153846
0.7234074519230769
0.7190504807692307
0.7276893028846154
0.7250600961538461
0.7230318509615384
0.7227313701923077
0.7301682692307693
0.7242337740384616
0.7205528846153846
0.7220552884615384
0.7240835336538461
0.7229567307692307
0.71875
0.7170973557692307
0.7238581730769231
0.7280649038461539
0.7210036057692307
0.712890625
0.7197265625
0.7173227163461539
0.7263371394230769
0.7216796875
0.7245342548076923
0.7264873798076923
0.7205528846153846
0.7251352163461539
0.7264873798076923
0.7179236778846154
0.7248347355769231
0.7190504807692307
0.7174729567307693
0.7222806490384616
0.7218299278846154
0.7270132211538461
0.7218299278846154
0.73046875
0.7254356971153846
0.7208533653846154
0.7217548076923077
0.7210036057692307
0.7257361778846154
0.7262620192307693
0.7206280048076923
0.7253605769230769
0.7288912259615384
0.7260366586538461
0.7250600961538461
0.7209284855769231
0.7250600961538461
0.7168719951923077
0.72265625
0.7266376201923077
0.7216796875
0.7194260817307693
0.7191256009615384
0.7164212740384616
0.7155198317307693
0.7217548076923077
0.7322716346153846
0.7201772836538461
0.7354266826923077
0.7296424278846154
0.7306189903846154
0.7308443509615384
0.7280649038461539
0.7336237980769231
0.7258864182692307
0.7274639423076923
0.7232572115384616
0.7279146634615384
0.7289663461538461
0.7276141826923077
0.7332481971153846
0.7341496394230769
0.7377554086538461
0.7294170673076923
0.7322716346153846
0.7349008413461539
0.7315955528846154
0.7267878605769231
0.7300931490384616
0.7273137019230769
0.7302433894230769
0.7294921875
0.7265625
0.7331730769230769
0.7321213942307693
0.7359525240384616
0.7312199519230769
0.7347506009615384
0.7294170673076923
0.7329477163461539
0.7316706730769231
0.7328725961538461
0.7358022836538461
0.7273137019230769
0.7288161057692307
0.7318960336538461
0.7354266826923077
0.7403094951923077
0.7393329326923077
0.7349759615384616
0.7385066105769231
0.7388070913461539
0.73828125
0.7366286057692307
0.7394831730769231
0.7449669471153846
0.7415114182692307
0.7368539663461539
0.7384314903846154
0.7450420673076923
0.7391075721153846
0.7364783653846154
0.7332481971153846
0.7370042067307693
0.7388070913461539
0.7400841346153846
0.7375300480769231
0.7367037259615384
0.7350510817307693
0.7444411057692307
0.7477463942307693
0.7424128605769231
0.7466195913461539
0.7503004807692307
0.7503004807692307
0.7493239182692307
0.7508263221153846
0.7530799278846154
0.7530048076923077
0.7479717548076923
0.7462439903846154
0.7429387019230769
0.7394831730769231
0.7442157451923077
0.7517277644230769
0.7472956730769231
0.7479717548076923
0.7481971153846154
0.7454176682692307
0.7479717548076923
0.7473707932692307
0.7492487980769231
0.7516526442307693
0.7483473557692307
0.7474459134615384
0.7473707932692307
0.7473707932692307
0.7461688701923077
0.7515024038461539
0.7483473557692307
0.7542067307692307
0.7548828125
0.7498497596153846
0.7484975961538461
0.7536057692307693
0.7584134615384616
0.7535306490384616
0.7573617788461539
0.7631460336538461
0.7626953125
0.7570612980769231
0.7575871394230769
0.7548076923076923
0.7545072115384616
0.7552584134615384
0.7582632211538461
0.7530048076923077
0.7528545673076923
0.7505258413461539
0.7510516826923077
0.755859375
0.7568359375
0.7504507211538461
0.7526292067307693
0.7551832932692307
0.7550330528846154
0.7602163461538461
0.7623948317307693
0.7681790865384616
0.7655498798076923
0.7679537259615384
0.7741135817307693
0.7659254807692307
0.7652493990384616
0.7692307692307693
0.7674278846153846
0.7696063701923077
0.7663762019230769
0.7569110576923077
0.7682542067307693
0.7702824519230769
0.7730618990384616
0.7771935096153846
0.7769681490384616
0.7795973557692307
0.7825270432692307
0.7795222355769231
0.7758413461538461
0.7735126201923077
0.7732121394230769
0.7714092548076923
0.7734375
0.7768179086538461
0.7805739182692307
0.7738131009615384
0.7733623798076923
0.7807992788461539
0.7814753605769231
0.7789963942307693
0.7891376201923077
0.7874098557692307
0.7854567307692307
0.7867337740384616
0.7938701923076923
0.7913161057692307
0.7865084134615384
0.7897385817307693
0.787109375
0.7894381009615384
0.7883112980769231
0.7912409855769231
0.7892127403846154
0.7963491586538461
0.7941706730769231
0.7930438701923077
0.7997295673076923
0.7981520432692307
0.8017578125
0.8064152644230769
0.8060396634615384
0.8076923076923077
0.8018329326923077
0.7993539663461539
0.8046123798076923
0.810546875
0.8099459134615384
0.8125751201923077
0.8114483173076923
0.8146033653846154
0.8168569711538461
0.8140775240384616
0.8152794471153846
0.8175330528846154
0.8215144230769231
0.8210637019230769
0.8204627403846154
0.8292518028846154
0.8296274038461539
0.8294020432692307
0.8282001201923077
0.8260967548076923
0.8218149038461539
0.8173076923076923
0.8266977163461539
0.8309044471153846
0.8301532451923077
0.8260216346153846
0.8318058894230769
0.8318810096153846
0.8327073317307693
0.8352614182692307
0.8341346153846154
0.8379657451923077
0.8424729567307693
0.8411207932692307
0.8375901442307693
0.8396183894230769
0.8416466346153846
0.8427734375
0.8466045673076923
0.8511117788461539
0.8499098557692307
0.8523888221153846
0.8528395432692307
0.8553936298076923
0.8545673076923077
0.8592247596153846
0.8627554086538461
0.8562199519230769
0.8584735576923077
0.8586989182692307
0.8599759615384616
0.8582481971153846
0.8601262019230769
0.8647836538461539
0.8649338942307693
0.8669621394230769
0.8683143028846154
0.8650090144230769
0.8702674278846154
0.8739483173076923
0.8718449519230769
0.8725210336538461
0.8701171875
0.8725210336538461
0.8765775240384616
0.8777794471153846
0.8760516826923077
0.8822115384615384
0.876953125
0.8787560096153846
0.8783804086538461
0.8822866586538461
0.8831129807692307
0.8846905048076923
0.8844651442307693
0.8873948317307693
0.8885967548076923
0.8885216346153846
0.8920522836538461
0.8903996394230769
0.8934044471153846
0.8934795673076923
0.8882211538461539
0.89453125
0.8930288461538461
0.8908503605769231
0.8928786057692307
0.8955829326923077
0.8954326923076923
0.8959585336538461
0.8971604567307693
0.8956580528846154
0.8987379807692307
0.8986628605769231
0.9002403846153846
0.8988882211538461
0.9034705528846154
0.9028695913461539
0.9043719951923077
0.9061748798076923
0.9054987980769231
0.9048978365384616
0.9051983173076923
0.9019681490384616
0.9039963942307693
0.9036959134615384
0.9057992788461539
0.9069260817307693
0.9059495192307693
0.9051231971153846
0.9076772836538461
0.9104567307692307
0.9100811298076923
0.9083533653846154
0.9098557692307693
0.9070012019230769
0.9083533653846154
0.9088040865384616
0.9113581730769231
0.9123347355769231
0.9115835336538461
0.9154897836538461
0.9134615384615384
0.9106820913461539
0.9105318509615384
0.9115084134615384
0.9096304086538461
0.9151141826923077
0.9127854567307693
0.9121844951923077
0.9124098557692307
0.9114332932692307
0.9139122596153846
0.9121844951923077
0.9156400240384616
0.9178185096153846
0.9157151442307693
0.9152644230769231
0.9150390625
0.9150390625
0.9172926682692307
0.9184945913461539
0.9192457932692307
0.9184945913461539
0.9217998798076923
0.9250300480769231
0.9263070913461539
0.9227764423076923
0.9236027644230769
0.9217998798076923
0.9251802884615384
0.9217998798076923
0.9200721153846154
0.9236778846153846
0.9239783653846154
0.9251802884615384
0.9255558894230769
0.9248046875
0.9263070913461539
0.9284104567307693
0.9311147836538461
0.9304387019230769
0.9308143028846154
0.9306640625
0.9311899038461539
0.9313401442307693
0.9332181490384616
0.9315655048076923
0.9322415865384616
0.9329176682692307
0.9302884615384616
0.9312650240384616
0.9323918269230769
0.9308143028846154
0.9327674278846154
0.9302884615384616
0.9318659855769231
0.9312650240384616
0.9354717548076923
0.9349459134615384
0.9344951923076923
0.9347956730769231
0.9370492788461539
0.9384765625
0.9358473557692307
0.9365985576923077
0.9371995192307693
0.9374248798076923
0.9393780048076923
0.9383263221153846
0.9364483173076923
0.9382512019230769
0.9367487980769231
0.9383263221153846
0.9390024038461539
0.9384765625
0.9356219951923077
0.9363731971153846
0.9386268028846154
0.9387019230769231
0.9387019230769231
0.9388521634615384
0.9405799278846154
0.9415564903846154
0.9417067307692307
0.9423828125
0.9375751201923077
0.9399038461538461
0.9417067307692307
0.9425330528846154
0.9439603365384616
0.943359375
0.9426832932692307
0.9428335336538461
0.9430588942307693
0.9425330528846154
0.9405799278846154
0.9419320913461539
0.9449368990384616
0.9424579326923077
0.9432842548076923
0.9456881009615384
0.9440354567307693
0.9432842548076923
0.9443359375
0.9444110576923077
0.9452373798076923
0.9453125
0.9423076923076923
0.9438100961538461
0.9435847355769231
0.9445612980769231
0.9432842548076923
0.9475661057692307
0.9464393028846154
0.9456881009615384
0.9471153846153846
0.9443359375
0.9454627403846154
0.9491436298076923
0.9481670673076923
0.9480168269230769
0.9507211538461539
0.9493689903846154
0.9477914663461539
0.9458383413461539
0.9454627403846154
0.9441105769230769
0.9448617788461539
0.9427584134615384
0.9460637019230769
0.9475661057692307
0.9489933894230769
0.947265625
0.9508713942307693
0.9486929086538461
0.9480168269230769
0.9465895432692307
0.9498948317307693
0.9492938701923077
0.9497445913461539
0.9507962740384616
0.9501953125
0.9513972355769231
0.9516225961538461
0.9538762019230769
0.9542518028846154
0.9528245192307693
0.9509465144230769
0.9526742788461539
0.9509465144230769
0.9533503605769231
0.9509465144230769
0.953125
0.9518479567307693
0.9537259615384616
0.9525240384615384
0.9488431490384616
0.9505709134615384
0.9506460336538461
0.9498948317307693
0.9532752403846154
0.9519230769230769
0.9505709134615384
0.9517728365384616
0.9502704326923077
0.9512469951923077
0.9536508413461539
0.9521484375
0.9521484375
0.951171875
0.9532752403846154
0.9523737980769231
0.9513972355769231
0.9507962740384616
0.9525991586538461
0.9525240384615384
0.9526742788461539
0.9522235576923077
0.9517728365384616
0.9529747596153846
0.9544771634615384
0.9541766826923077
0.9527493990384616
0.9535006009615384
0.9532001201923077
0.9518479567307693
0.9552283653846154
0.9552283653846154
0.9569561298076923
0.9565054086538461
0.9548527644230769
0.9573317307692307
0.9575570913461539
0.9572566105769231
0.9565805288461539
0.9544020432692307
0.9549278846153846
0.9546274038461539
0.9539513221153846
0.955078125
0.9537259615384616
0.9556790865384616
0.9566556490384616
0.9547776442307693
0.9563551682692307
0.9559044471153846
