0.86171875
0.861328125
0.862890625
0.8650390625
0.862890625
0.862890625
0.8595703125
0.858203125
0.85859375
0.8599609375
0.858984375
0.8583984375
0.8578125
0.8591796875
0.862890625
0.8595703125
0.86015625
0.858984375
0.8611328125
0.8609375
0.86015625
0.8625
0.8615234375
0.858203125
0.859375
0.8599609375
0.8609375
0.8591796875
0.860546875
0.8591796875
0.85859375
0.859765625
0.8564453125
0.85859375
0.8591796875
0.859375
0.8611328125
0.86171875
0.8626953125
0.8658203125
0.866796875
0.8642578125
0.867578125
0.8701171875
0.8712890625
0.8697265625
0.8671875
0.8669921875
0.8677734375
0.866015625
0.8650390625
0.86171875
0.861328125
0.859765625
0.8630859375
0.86171875
0.8615234375
0.859765625
0.8583984375
0.855859375
0.8572265625
0.8546875
0.851953125
0.8572265625
0.8576171875
0.8611328125
0.859375
0.8607421875
0.86015625
0.8591796875
0.862109375
0.86171875
0.860546875
0.859765625
0.859375
0.8580078125
0.8548828125
0.856640625
0.860546875
0.858203125
0.858203125
0.8578125
0.858203125
0.8560546875
0.8595703125
0.8578125
0.859765625
0.8626953125
0.8625
0.859375
0.85703125
0.859765625
0.8630859375
0.8623046875
0.8611328125
0.860546875
0.858984375
0.856640625
0.856640625
0.8568359375
0.85859375
0.855078125
0.85546875
0.8576171875
0.85546875
0.855859375
0.8560546875
0.853125
0.8484375
0.85
0.8505859375
0.8478515625
0.8490234375
0.8484375
0.8458984375
0.8474609375
0.8470703125
0.84921875
0.8498046875
0.8490234375
0.8501953125
0.857421875
0.8560546875
0.85390625
0.8517578125
0.850390625
0.8494140625
0.846875
0.85
0.8505859375
0.8537109375
0.8544921875
0.8505859375
0.8537109375
0.8544921875
0.8552734375
0.856640625
0.8537109375
0.8537109375
0.849609375
0.8498046875
0.85
0.851171875
0.8498046875
0.8515625
0.853125
0.8521484375
0.8494140625
0.8513671875
0.852734375
0.85859375
0.8576171875
0.85859375
0.8548828125
0.85546875
0.85390625
0.853515625
0.8515625
0.8517578125
0.8533203125
0.85390625
0.8537109375
0.8521484375
0.8517578125
0.847265625
0.8474609375
0.84921875
0.8509765625
0.84765625
0.8494140625
0.8470703125
0.846484375
0.849609375
0.849609375
0.84921875
0.8443359375
0.8474609375
0.8486328125
0.8484375
0.8478515625
0.8474609375
0.8501953125
0.8517578125
0.8525390625
0.85234375
0.85
0.8509765625
0.8509765625
0.8498046875
0.848046875
0.8478515625
0.84765625
0.846875
0.8498046875
0.8498046875
0.848828125
0.848828125
0.8509765625
0.8494140625
0.8466796875
0.8427734375
0.84296875
0.8447265625
0.8400390625
0.841015625
0.84140625
0.84453125
0.8375
0.840234375
0.83828125
0.8365234375
0.8423828125
0.83671875
0.835546875
0.8388671875
0.839453125
0.8359375
0.8330078125
0.8330078125
0.82734375
0.8279296875
0.832421875
0.828125
0.8255859375
0.8314453125
0.83125
0.833203125
0.832421875
0.830078125
0.8341796875
0.833203125
0.83046875
0.83125
0.831640625
0.8328125
0.83203125
0.8369140625
0.83359375
0.8375
0.8380859375
0.8404296875
0.840234375
0.8380859375
0.837109375
0.8349609375
0.835546875
0.8353515625
0.83671875
0.8359375
0.8333984375
0.8318359375
0.828125
0.8240234375
0.8197265625
0.81796875
0.820703125
0.819921875
0.81953125
0.81875
0.821875
0.8228515625
0.825
0.8296875
0.831640625
0.8318359375
0.83125
0.8318359375
0.8306640625
0.8298828125
0.8265625
0.82109375
0.8220703125
0.827734375
0.8265625
0.8265625
0.829296875
0.82578125
0.826171875
0.8265625
0.82578125
0.825390625
0.82578125
0.82421875
0.823828125
0.823046875
0.822265625
0.823046875
0.8224609375
0.8224609375
0.8220703125
0.82421875
0.8220703125
0.815625
0.81953125
0.8158203125
0.8154296875
0.8166015625
0.820703125
0.8205078125
0.82578125
0.823828125
0.826171875
0.8224609375
0.8244140625
0.8234375
0.822265625
0.822265625
0.8109375
0.8109375
0.8064453125
0.8060546875
0.8048828125
0.8033203125
0.8052734375
0.8052734375
0.8044921875
0.80859375
0.809375
0.8078125
0.809375
0.808203125
0.809375
0.8126953125
0.809765625
0.80078125
0.8029296875
0.800390625
0.7982421875
0.8017578125
0.798828125
0.8013671875
0.79609375
0.8044921875
0.8041015625
0.797265625
0.7966796875
0.7935546875
0.7904296875
0.78671875
0.7849609375
0.7892578125
0.7908203125
0.79296875
0.7947265625
0.7962890625
0.79765625
0.7947265625
0.7916015625
0.7982421875
0.79296875
0.7912109375
0.796484375
0.7982421875
0.7974609375
0.790234375
0.793359375
0.783984375
0.7873046875
0.7822265625
0.7875
0.7806640625
0.78828125
0.782421875
0.778515625
0.7728515625
0.7763671875
0.777734375
0.773828125
0.78046875
0.7814453125
0.7771484375
0.780859375
0.7736328125
0.77265625
0.7716796875
0.7716796875
0.7748046875
0.7759765625
0.7736328125
0.775
0.7697265625
0.76484375
0.765625
0.770703125
0.769140625
0.7720703125
0.7740234375
0.77578125
0.7681640625
0.765234375
0.7603515625
0.7638671875
0.76484375
0.76796875
0.7611328125
0.76171875
0.763671875
0.76328125
0.7666015625
0.7685546875
0.7595703125
0.7603515625
0.7619140625
0.766796875
0.7703125
0.771875
0.7685546875
0.7732421875
0.773046875
0.7763671875
0.7720703125
0.76171875
0.7689453125
0.7646484375
0.7669921875
0.76484375
0.76484375
0.76171875
0.7580078125
0.7619140625
0.7728515625
0.76484375
0.77421875
0.769140625
0.7630859375
0.76171875
0.7611328125
0.7662109375
0.76484375
0.76640625
0.7671875
0.7623046875
0.764453125
0.76328125
0.7609375
0.7619140625
0.7626953125
0.7642578125
0.76171875
0.7634765625
0.7634765625
0.7638671875
0.76640625
0.758984375
0.7568359375
0.76484375
0.75859375
0.7599609375
0.76171875
0.7609375
0.7615234375
0.7587890625
0.760546875
0.75390625
0.7580078125
0.749609375
0.75234375
0.7478515625
0.7505859375
0.7470703125
0.7568359375
0.754296875
0.7619140625
0.76953125
0.7697265625
0.7626953125
0.7595703125
0.7556640625
0.75
0.746875
0.7482421875
0.7478515625
0.75078125
0.7525390625
0.7474609375
0.750390625
0.7505859375
0.755078125
0.756640625
0.7498046875
0.7451171875
0.748046875
0.75078125
0.753125
0.755078125
0.7544921875
0.753125
0.757421875
0.7638671875
0.7578125
0.75625
0.7578125
0.7630859375
0.757421875
0.7546875
0.753515625
0.759765625
0.7572265625
0.7537109375
0.7501953125
0.746875
0.75
0.7587890625
0.759765625
0.7546875
0.7576171875
0.758203125
0.7580078125
0.7435546875
0.75234375
0.7447265625
0.746484375
0.745703125
0.7494140625
0.755859375
0.7537109375
0.75078125
0.754296875
0.7529296875
0.74921875
0.7583984375
0.7560546875
0.7564453125
0.7451171875
0.7537109375
0.7439453125
0.734375
0.7341796875
0.7369140625
0.7501953125
0.7505859375
0.7478515625
0.744921875
0.751171875
0.7435546875
0.73984375
0.7396484375
0.7384765625
0.74609375
0.7451171875
0.74375
0.74921875
0.74609375
0.740625
0.7484375
0.746875
0.7447265625
0.7390625
0.7392578125
0.737890625
0.7388671875
0.7421875
0.7435546875
0.7470703125
0.7458984375
0.7439453125
0.7474609375
0.7408203125
0.7357421875
0.7443359375
0.7482421875
0.747265625
0.7556640625
0.7541015625
0.750390625
0.745703125
0.745703125
0.7513671875
0.7353515625
0.7294921875
0.729296875
0.7283203125
0.7337890625
0.742578125
0.7328125
0.7365234375
0.7322265625
0.7322265625
0.7443359375
0.73828125
0.7439453125
0.737890625
0.7373046875
0.73515625
0.7359375
0.737890625
0.7341796875
0.7390625
0.7396484375
0.7388671875
0.7388671875
0.7337890625
0.7365234375
0.7349609375
0.7333984375
0.7375
0.7328125
0.7439453125
0.741796875
0.7322265625
0.7404296875
0.7423828125
0.7341796875
0.7376953125
0.7361328125
0.739453125
0.7390625
0.7310546875
0.7390625
0.737109375
0.7390625
0.740234375
0.737890625
0.737109375
0.7361328125
0.734765625
0.7427734375
0.741796875
0.736328125
0.74765625
0.7466796875
0.7439453125
0.7431640625
0.7373046875
0.74296875
0.734765625
0.73125
0.7369140625
0.740234375
0.7380859375
0.7357421875
0.7357421875
0.7287109375
0.7361328125
0.7291015625
0.7322265625
0.7259765625
0.7294921875
0.726953125
0.7275390625
0.7345703125
0.7376953125
0.7396484375
0.741015625
0.7357421875
0.7369140625
0.7283203125
0.73984375
0.7455078125
0.74453125
0.734375
0.737109375
0.740234375
0.75234375
0.7412109375
0.728125
0.7236328125
0.721875
0.725390625
0.733984375
0.7251953125
0.7388671875
0.734765625
0.734375
0.7337890625
0.72265625
0.7203125
0.7240234375
0.7287109375
0.7263671875
0.727734375
0.7353515625
0.73359375
0.71796875
0.7212890625
0.7193359375
0.7197265625
0.71640625
0.735546875
0.733203125
0.7248046875
0.728515625
0.7287109375
0.729296875
0.734765625
0.73671875
0.7330078125
0.7388671875
0.7314453125
0.732421875
0.730078125
0.723828125
0.7255859375
0.72109375
0.7216796875
0.725
0.7291015625
0.728125
0.73046875
0.7296875
0.7228515625
0.7283203125
0.7310546875
0.7318359375
0.7291015625
0.7220703125
0.7181640625
0.7177734375
0.7212890625
0.7197265625
0.7251953125
0.7208984375
0.7208984375
0.7240234375
0.7173828125
0.7251953125
0.7267578125
0.71875
0.7205078125
0.728515625
0.7240234375
0.7328125
0.7228515625
0.7181640625
0.7224609375
0.72421875
0.731640625
0.726171875
0.7333984375
0.729296875
0.72109375
0.72421875
0.7330078125
0.7236328125
0.726171875
0.7177734375
0.7212890625
0.7185546875
0.7287109375
0.7140625
0.7125
0.716015625
0.7125
0.716796875
0.7189453125
0.7220703125
0.7310546875
0.7349609375
0.73203125
0.7283203125
0.7236328125
0.7197265625
0.7224609375
0.721484375
0.72578125
0.726171875
0.7169921875
0.71796875
0.7162109375
0.722265625
0.721484375
0.7115234375
0.7158203125
0.7150390625
0.716015625
0.73046875
0.716015625
0.7076171875
0.7162109375
0.71171875
0.71484375
0.6990234375
0.7083984375
0.715234375
0.7322265625
0.7171875
0.7171875
0.7103515625
0.7130859375
0.71640625
0.71328125
0.7166015625
0.714453125
0.7111328125
0.7140625
0.7087890625
0.7212890625
0.7275390625
0.7185546875
0.7236328125
0.721484375
0.712890625
0.7166015625
0.7095703125
0.7177734375
0.7193359375
0.711328125
0.7146484375
0.7068359375
0.7078125
0.7162109375
0.7197265625
0.7265625
0.7181640625
0.7212890625
0.7125
0.7091796875
0.7158203125
0.7130859375
0.7158203125
0.7154296875
0.7064453125
0.7109375
0.7060546875
0.7056640625
0.7146484375
0.7087890625
0.7224609375
0.7181640625
0.7134765625
0.7140625
0.7056640625
0.7076171875
0.7265625
0.7154296875
0.71640625
0.7212890625
0.71875
0.723046875
0.7138671875
0.71171875
0.7150390625
0.7119140625
0.7134765625
0.714453125
0.717578125
0.708984375
0.719140625
0.712890625
0.7125
0.7119140625
0.7130859375
0.718359375
0.716015625
0.7125
0.7068359375
0.7205078125
0.71484375
0.7068359375
0.7005859375
0.7068359375
0.7103515625
0.71953125
0.70625
0.705859375
0.7091796875
0.7013671875
0.7025390625
0.710546875
0.7060546875
0.7140625
0.710546875
0.7078125
0.7115234375
0.706640625
0.710546875
0.71171875
0.7072265625
0.705078125
0.7078125
0.7103515625
0.700390625
0.7046875
0.7080078125
0.695703125
0.716796875
0.701953125
0.7103515625
0.7115234375
0.7060546875
0.7029296875
0.6984375
0.70625
0.703125
0.7052734375
0.7060546875
0.6994140625
0.707421875
0.7099609375
0.7107421875
0.7150390625
0.7109375
0.7224609375
0.7169921875
0.708203125
0.71484375
0.71796875
0.716796875
0.70859375
0.69765625
0.7029296875
0.703515625
0.70625
0.7115234375
0.70703125
0.714453125
0.70703125
0.7056640625
0.7173828125
0.7123046875
0.7068359375
0.694140625
0.69609375
0.69296875
0.7076171875
0.7029296875
0.70390625
0.705859375
0.7076171875
0.708984375
0.714453125
0.7076171875
0.700390625
0.7095703125
0.7091796875
0.7076171875
0.6978515625
0.7021484375
0.704296875
0.697265625
0.7052734375
0.6984375
0.7021484375
0.6998046875
0.7015625
0.6943359375
0.6958984375
0.7009765625
0.7009765625
0.6990234375
0.7041015625
0.6986328125
0.7044921875
0.71171875
0.709765625
0.7041015625
0.7115234375
0.7060546875
0.7177734375
0.69921875
0.7001953125
0.7087890625
0.69296875
0.6984375
0.7029296875
0.7029296875
0.6986328125
0.69609375
0.7130859375
0.7064453125
0.705078125
0.701171875
0.71328125
0.7021484375
0.702734375
0.6990234375
0.6982421875
0.701953125
0.704296875
0.7001953125
0.7009765625
0.70703125
0.7041015625
0.70078125
0.7060546875
0.703515625
0.6998046875
0.7021484375
0.6916015625
0.70078125
0.701953125
0.68984375
0.6919921875
0.692578125
0.700390625
0.706640625
0.691796875
0.6970703125
0.6943359375
0.7044921875
0.7060546875
0.6892578125
0.716796875
0.6982421875
0.706640625
0.701171875
0.6958984375
0.7013671875
0.7005859375
0.7005859375
0.69140625
