0.6962890625
0.696484375
0.695703125
0.693359375
0.7005859375
0.70625
0.7015625
0.6984375
0.701171875
0.70703125
0.7041015625
0.690234375
0.694921875
0.698046875
0.7037109375
0.7037109375
0.687109375
0.6908203125
0.704296875
0.696484375
0.6970703125
0.698828125
0.6947265625
0.7009765625
0.6998046875
0.6955078125
0.6986328125
0.69921875
0.6994140625
0.6978515625
0.6931640625
0.691015625
0.70703125
0.6931640625
0.706640625
0.6935546875
0.694921875
0.7033203125
0.69453125
0.6935546875
0.7029296875
0.6953125
0.7078125
0.6923828125
0.7095703125
0.705078125
0.7060546875
0.7041015625
0.705078125
0.6947265625
0.6923828125
0.7009765625
0.7021484375
0.7103515625
0.709375
0.70625
0.708984375
0.71015625
0.7068359375
0.7064453125
0.7005859375
0.70234375
0.7052734375
0.703125
0.706640625
0.7107421875
0.7115234375
0.705078125
0.70078125
0.710546875
0.7076171875
0.7005859375
0.7150390625
0.7046875
0.7033203125
0.709375
0.6966796875
0.7046875
0.7103515625
0.7158203125
0.708203125
0.702734375
0.6953125
0.703515625
0.7048828125
0.71328125
0.703125
0.7021484375
0.7099609375
0.7078125
0.7017578125
0.705078125
0.6935546875
0.703125
0.7212890625
0.7056640625
0.7005859375
0.71640625
0.7076171875
0.7015625
0.7029296875
0.7005859375
0.6984375
0.7056640625
0.7005859375
0.7005859375
0.70859375
0.703515625
0.715625
0.7013671875
0.7091796875
0.7087890625
0.7064453125
0.7087890625
0.7107421875
0.71015625
0.7037109375
0.7076171875
0.70390625
0.712890625
0.710546875
0.71640625
0.7130859375
0.7009765625
0.705078125
0.71328125
0.712890625
0.70859375
0.7076171875
0.706640625
0.7095703125
0.712109375
0.7185546875
0.7083984375
0.71484375
0.7095703125
0.70703125
0.7119140625
0.707421875
0.7064453125
0.708203125
0.708984375
0.7177734375
0.7271484375
0.708203125
0.7115234375
0.706640625
0.7103515625
0.7087890625
0.720703125
0.7171875
0.721875
0.7087890625
0.700390625
0.70234375
0.7091796875
0.7087890625
0.7080078125
0.706640625
0.708203125
0.716015625
0.7068359375
0.7134765625
0.7119140625
0.710546875
0.7130859375
0.7203125
0.71640625
0.7150390625
0.7138671875
0.71171875
0.712109375
0.7158203125
0.7142578125
0.717578125
0.7134765625
0.717578125
0.7126953125
0.712890625
0.709375
0.7123046875
0.720703125
0.7123046875
0.71796875
0.711328125
0.7107421875
0.72421875
0.713671875
0.7283203125
0.7201171875
0.7166015625
0.7177734375
0.707421875
0.7169921875
0.719921875
0.7169921875
0.7169921875
0.7189453125
0.7107421875
0.7208984375
0.7107421875
0.708203125
0.7140625
0.7107421875
0.71796875
0.710546875
0.7158203125
0.71796875
0.716015625
0.7201171875
0.7203125
0.7123046875
0.712890625
0.7072265625
0.701953125
0.7083984375
0.7046875
0.7041015625
0.7134765625
0.7169921875
0.7072265625
0.712890625
0.7177734375
0.72421875
0.7232421875
0.7248046875
0.71484375
0.712109375
0.725390625
0.721875
0.7142578125
0.719140625
0.7220703125
0.7017578125
0.7216796875
0.71875
0.714453125
0.722265625
0.7173828125
0.7140625
0.7193359375
0.7232421875
0.71953125
0.7220703125
0.72421875
0.7138671875
0.7181640625
0.717578125
0.72109375
0.7251953125
0.718359375
0.72109375
0.719921875
0.7265625
0.73359375
0.72578125
0.723046875
0.7212890625
0.723046875
0.71796875
0.7326171875
0.7263671875
0.714453125
0.7126953125
0.71640625
0.723828125
0.7322265625
0.7287109375
0.716796875
0.7185546875
0.7291015625
0.7271484375
0.726171875
0.7263671875
0.7224609375
0.7236328125
0.7244140625
0.7171875
0.7125
0.726171875
0.7365234375
0.7361328125
0.72734375
0.7232421875
0.7232421875
0.730859375
0.7240234375
0.7306640625
0.72109375
0.7232421875
0.723828125
0.725390625
0.7271484375
0.7212890625
0.7267578125
0.726171875
0.733984375
0.7310546875
0.728125
0.7294921875
0.72421875
0.732421875
0.724609375
0.724609375
0.7212890625
0.728125
0.7185546875
0.7236328125
0.7212890625
0.726171875
0.72109375
0.730078125
0.7267578125
0.731640625
0.7322265625
0.7326171875
0.730078125
0.7212890625
0.72421875
0.7228515625
0.7263671875
0.726171875
0.72734375
0.7365234375
0.7189453125
0.7265625
0.726953125
0.7236328125
0.73125
0.7259765625
0.7298828125
0.7353515625
0.7361328125
0.7306640625
0.7314453125
0.7306640625
0.7251953125
0.74140625
0.7328125
0.7197265625
0.72109375
0.7330078125
0.7322265625
0.7326171875
0.7275390625
0.737890625
0.7466796875
0.7302734375
0.7224609375
0.7197265625
0.71953125
0.7212890625
0.7369140625
0.740234375
0.739453125
0.7279296875
0.7248046875
0.7302734375
0.7283203125
0.7283203125
0.73125
0.729296875
0.733984375
0.7388671875
0.7361328125
0.7400390625
0.73203125
0.7412109375
0.7353515625
0.7330078125
0.7341796875
0.726953125
0.7326171875
0.727734375
0.72734375
0.732421875
0.7318359375
0.7400390625
0.7341796875
0.7484375
0.740234375
0.7390625
0.7443359375
0.7369140625
0.73984375
0.7408203125
0.736328125
0.7369140625
0.739453125
0.7435546875
0.7505859375
0.7435546875
0.744140625
0.7341796875
0.738671875
0.74140625
0.7375
0.7341796875
0.737890625
0.7373046875
0.7392578125
0.74375
0.7392578125
0.7359375
0.7341796875
0.7357421875
0.7408203125
0.73125
0.73125
0.7416015625
0.7345703125
0.7306640625
0.7404296875
0.7373046875
0.736328125
0.7392578125
0.75
0.742578125
0.739453125
0.7416015625
0.739453125
0.7396484375
0.7412109375
0.7423828125
0.7396484375
0.7388671875
0.741015625
0.7462890625
0.7466796875
0.741015625
0.7404296875
0.7306640625
0.7341796875
0.73828125
0.7431640625
0.75546875
0.7486328125
0.74375
0.736328125
0.7376953125
0.7427734375
0.744921875
0.7478515625
0.737109375
0.7328125
0.7453125
0.7357421875
0.7357421875
0.74453125
0.7423828125
0.7447265625
0.73515625
0.7400390625
0.746875
0.7546875
0.7583984375
0.7494140625
0.7443359375
0.7447265625
0.7396484375
0.7392578125
0.7375
0.7478515625
0.74921875
0.7439453125
0.7453125
0.743359375
0.7486328125
0.755078125
0.753125
0.7431640625
0.74375
0.7455078125
0.743359375
0.747265625
0.7509765625
0.745703125
0.74375
0.74609375
0.748828125
0.751953125
0.7587890625
0.760546875
0.758984375
0.756640625
0.7474609375
0.748046875
0.7490234375
0.741796875
0.7494140625
0.7546875
0.751953125
0.75234375
0.7509765625
0.75
0.7484375
0.7458984375
0.7490234375
0.7396484375
0.741015625
0.7431640625
0.749609375
0.74921875
0.753515625
0.75234375
0.7521484375
0.7544921875
0.751953125
0.74921875
0.756640625
0.751171875
0.7515625
0.753515625
0.7564453125
0.7513671875
0.7580078125
0.7521484375
0.7537109375
0.745703125
0.758984375
0.7583984375
0.7513671875
0.758984375
0.7583984375
0.7623046875
0.753125
0.7556640625
0.7607421875
0.7615234375
0.758203125
0.7546875
0.755078125
0.7509765625
0.753515625
0.755078125
0.7607421875
0.760546875
0.751953125
0.751953125
0.75234375
0.7501953125
0.7560546875
0.759375
0.7625
0.7619140625
0.7662109375
0.7658203125
0.760546875
0.7576171875
0.756640625
0.757421875
0.765625
0.764453125
0.75390625
0.7580078125
0.7619140625
0.7634765625
0.7650390625
0.77265625
0.7638671875
0.7572265625
0.7626953125
0.759765625
0.7607421875
0.7576171875
0.7609375
0.764453125
0.761328125
0.7611328125
0.75625
0.74921875
0.7521484375
0.7515625
0.7546875
0.7537109375
0.7537109375
0.7587890625
0.7587890625
0.75546875
0.7615234375
0.7658203125
0.7671875
0.76328125
0.7671875
0.7685546875
0.7693359375
0.769921875
0.757421875
0.7560546875
0.7626953125
0.7673828125
0.76484375
0.7673828125
0.764453125
0.7666015625
0.7734375
0.7712890625
0.768359375
0.7609375
0.7640625
0.7685546875
0.77109375
0.7671875
0.7623046875
0.765625
0.75078125
0.7625
0.7498046875
0.7537109375
0.7564453125
0.7580078125
0.7560546875
0.767578125
0.76484375
0.7666015625
0.76484375
0.760546875
0.7623046875
0.7638671875
0.76953125
0.7634765625
0.76015625
0.7625
0.76875
0.767578125
0.7705078125
0.765625
0.768359375
0.76796875
0.76875
0.766015625
0.762890625
0.764453125
0.7673828125
0.77265625
0.775
0.775
0.774609375
0.7810546875
0.775
0.7791015625
0.77734375
0.77734375
0.772265625
0.7732421875
0.7751953125
0.7716796875
0.7685546875
0.769921875
0.7677734375
0.767578125
0.7736328125
0.7689453125
0.777734375
0.7697265625
0.77109375
0.7759765625
0.7806640625
0.7748046875
0.7748046875
0.765625
0.7712890625
0.7763671875
0.7796875
0.7826171875
0.777734375
0.7697265625
0.778515625
0.7779296875
0.7787109375
0.771484375
0.7763671875
0.777734375
0.7806640625
0.7830078125
0.7802734375
0.7794921875
0.78359375
0.7890625
0.78671875
0.786328125
0.7833984375
0.7810546875
0.7791015625
0.7818359375
0.783203125
0.7794921875
0.7791015625
0.7833984375
0.78359375
0.783203125
0.78671875
0.783203125
0.787109375
0.7884765625
0.78359375
0.7849609375
0.7857421875
0.789453125
0.787109375
0.783984375
0.787109375
0.784765625
0.7859375
0.7873046875
0.7935546875
0.7880859375
0.7919921875
0.7958984375
0.7880859375
0.7890625
0.7888671875
0.7921875
0.7943359375
0.7974609375
0.794140625
0.79375
0.7923828125
0.7923828125
0.7921875
0.7916015625
0.7865234375
0.7892578125
0.7875
0.7904296875
0.794921875
0.7951171875
0.7955078125
0.791796875
0.7939453125
0.7984375
0.7970703125
0.7974609375
0.796875
0.7966796875
0.7939453125
0.8021484375
0.803125
0.805078125
0.79921875
0.7978515625
0.80078125
0.7982421875
0.798046875
0.8005859375
0.7994140625
0.793359375
0.7931640625
0.7953125
0.796875
0.7958984375
0.7978515625
0.8017578125
0.802734375
0.801171875
0.803125
0.805859375
0.803125
0.8037109375
0.8052734375
0.8015625
0.8029296875
0.8033203125
0.80625
0.801171875
0.802734375
0.800390625
0.80859375
0.8078125
0.808984375
0.814453125
0.8146484375
0.8130859375
0.8126953125
0.8162109375
0.8107421875
0.8111328125
0.81015625
0.8107421875
0.80859375
0.806640625
0.8103515625
0.8126953125
0.8107421875
0.8076171875
0.801953125
0.7994140625
0.796875
0.794140625
0.798046875
0.7998046875
0.8013671875
0.803125
0.8037109375
0.803515625
0.803515625
0.8060546875
0.811328125
0.8126953125
0.8158203125
0.814453125
0.8099609375
0.8138671875
0.816015625
0.814453125
0.8142578125
0.812890625
0.813671875
0.8134765625
0.811328125
0.8169921875
0.81953125
0.8201171875
0.8173828125
0.8162109375
0.8203125
0.824609375
0.825
0.8275390625
0.8271484375
0.830078125
0.825390625
0.8236328125
0.834375
0.8296875
0.828515625
0.8251953125
0.8234375
0.8263671875
0.8244140625
0.826171875
0.8298828125
0.8294921875
0.823828125
0.826171875
0.827734375
0.825390625
0.8267578125
0.8298828125
0.8287109375
0.826953125
0.8220703125
0.8240234375
0.8236328125
0.8275390625
0.830078125
0.83046875
0.8302734375
0.822265625
0.8244140625
0.8212890625
0.8203125
0.8216796875
0.8193359375
0.8185546875
0.8185546875
0.8193359375
0.8251953125
0.8279296875
0.827734375
0.82890625
0.826953125
0.8294921875
0.8291015625
0.8306640625
0.8302734375
0.83203125
0.8337890625
0.8337890625
0.831640625
0.8333984375
0.8322265625
0.83515625
0.834765625
0.8359375
0.83984375
0.842578125
0.840625
0.83828125
0.840625
0.83828125
0.837890625
0.8369140625
0.838671875
0.837109375
0.8396484375
0.8416015625
0.8396484375
0.8404296875
0.842578125
0.8412109375
0.8412109375
0.840234375
0.8412109375
0.8423828125
0.8412109375
0.837890625
0.8380859375
0.842578125
0.8416015625
0.8392578125
0.8390625
0.841015625
0.8435546875
0.84609375
0.8427734375
0.8431640625
0.84453125
0.845703125
0.8435546875
0.844921875
0.8423828125
0.8453125
0.8455078125
0.843359375
0.845703125
0.845703125
0.84453125
0.846875
0.8439453125
0.8466796875
0.8470703125
0.8443359375
0.843359375
0.84609375
0.8421875
0.84453125
0.8435546875
0.8423828125
0.8443359375
0.844140625
0.841796875
0.8404296875
0.8396484375
0.8404296875
0.8384765625
0.8412109375
0.841015625
0.839453125
0.8421875
0.8435546875
0.841015625
0.83984375
0.842578125
0.8423828125
0.844140625
0.8474609375
0.8484375
0.8478515625
0.844921875
0.840234375
0.84296875
0.84765625
0.84765625
0.8470703125
0.848046875
0.85390625
0.8546875
0.854296875
0.853515625
0.8546875
0.856640625
0.8580078125
0.8587890625
0.8568359375
0.8541015625
0.8564453125
0.8568359375
0.8591796875
0.8578125
0.8572265625
0.859375
0.858203125
0.859765625
0.860546875
0.860546875
0.859765625
0.862109375
0.862109375
0.8630859375
0.8638671875
0.862109375
0.8626953125
0.861328125
0.862109375
0.860546875
0.8595703125
0.860546875
0.8626953125
0.8640625
0.862109375
0.8625
0.8609375
0.8603515625
0.8595703125
0.8634765625
0.86328125
0.8615234375
0.86171875
0.860546875
0.86171875
