0.72734375
0.749609375
0.7529296875
0.74912109375
0.75
0.754296875
0.7501953125
0.756640625
0.7498046875
0.750390625
0.7529296875
0.754296875
0.749609375
0.7548828125
0.7595703125
0.7513671875
0.751953125
0.75087890625
0.75068359375
0.7583984375
0.75888671875
0.75283203125
0.75166015625
0.75419921875
0.75712890625
0.7546875
0.75478515625
0.75634765625
0.75322265625
0.75810546875
0.748828125
0.75302734375
0.75263671875
0.75751953125
0.75634765625
0.753515625
0.75576171875
0.7576171875
0.74951171875
0.75009765625
0.75693359375
0.7521484375
0.7533203125
0.7552734375
0.7576171875
0.75234375
0.75361328125
0.7525390625
0.7634765625
0.7552734375
0.7630859375
0.7564453125
0.75634765625
0.75478515625
0.75263671875
0.76201171875
0.76083984375
0.76064453125
0.7587890625
0.7599609375
0.75849609375
0.75791015625
0.74931640625
0.75146484375
0.7595703125
0.76240234375
0.75419921875
0.75810546875
0.75517578125
0.7578125
0.761328125
0.75478515625
0.76142578125
0.75703125
0.75185546875
0.75576171875
0.76220703125
0.765234375
0.76513671875
0.7595703125
0.7634765625
0.76787109375
0.7583984375
0.75859375
0.76123046875
0.75234375
0.75966796875
0.7529296875
0.7615234375
0.77021484375
0.76591796875
0.75947265625
0.75986328125
0.76162109375
0.766796875
0.76064453125
0.76240234375
0.76318359375
0.753515625
0.76123046875
0.7646484375
0.76103515625
0.75966796875
0.7646484375
0.7607421875
0.75966796875
0.75390625
0.75869140625
0.7541015625
0.7599609375
0.76650390625
0.765234375
0.7630859375
0.75859375
0.7626953125
0.75693359375
0.755859375
0.76064453125
0.7689453125
0.76689453125
0.76123046875
0.7564453125
0.76806640625
0.76005859375
0.7626953125
0.76650390625
0.7671875
0.7591796875
0.76142578125
0.76201171875
0.76259765625
0.76279296875
0.76318359375
0.764453125
0.7669921875
0.75634765625
0.765234375
0.76533203125
0.764453125
0.7568359375
0.76279296875
0.765234375
0.769921875
0.76474609375
0.762109375
0.7603515625
0.75927734375
0.76455078125
0.76484375
0.761328125
0.7630859375
0.7634765625
0.7669921875
0.7681640625
0.762890625
0.75859375
0.7685546875
0.7697265625
0.76767578125
0.77099609375
0.768359375
0.7630859375
0.76982421875
0.76259765625
0.764453125
0.76328125
0.76484375
0.76787109375
0.765234375
0.7625
0.7681640625
0.7705078125
0.764453125
0.77021484375
0.77255859375
0.76826171875
0.7630859375
0.76328125
0.771875
0.7626953125
0.7615234375
0.764453125
0.76953125
0.77392578125
0.771484375
0.77080078125
0.76572265625
0.76884765625
0.77041015625
0.7732421875
0.77216796875
0.76591796875
0.76591796875
0.77021484375
0.7732421875
0.7701171875
0.7626953125
0.7646484375
0.7646484375
0.77119140625
0.77412109375
0.7716796875
0.76611328125
0.76943359375
0.7697265625
0.773828125
0.7765625
0.77197265625
0.77666015625
0.771484375
0.7724609375
0.77578125
0.773828125
0.7740234375
0.7705078125
0.77265625
0.77861328125
0.77373046875
0.77265625
0.768359375
0.77177734375
0.7611328125
0.7708984375
0.7806640625
0.76796875
0.76708984375
0.77001953125
0.7779296875
0.77099609375
0.77236328125
0.7708984375
0.7728515625
0.77314453125
0.77685546875
0.77353515625
0.77412109375
0.76865234375
0.77314453125
0.776953125
0.77607421875
0.7748046875
0.76728515625
0.77900390625
0.7765625
0.77490234375
0.7771484375
0.77744140625
0.7810546875
0.773828125
0.77421875
0.76982421875
0.77529296875
0.78095703125
0.77841796875
0.7775390625
0.77841796875
0.780859375
0.7703125
0.77421875
0.7732421875
0.77587890625
0.77529296875
0.77060546875
0.77724609375
0.7783203125
0.77958984375
0.7734375
0.777734375
0.77421875
0.7794921875
0.77158203125
0.77626953125
0.77548828125
0.77470703125
0.77744140625
0.77578125
0.77900390625
0.7779296875
0.7765625
0.77685546875
0.784375
0.7748046875
0.77783203125
0.77802734375
0.77626953125
0.77919921875
0.780859375
0.77998046875
0.77900390625
0.78193359375
0.77900390625
0.77685546875
0.77705078125
0.77607421875
0.77685546875
0.78037109375
0.77744140625
0.7796875
0.78828125
0.780859375
0.779296875
0.7814453125
0.78271484375
0.78564453125
0.7814453125
0.78291015625
0.783203125
0.77978515625
0.780078125
0.77587890625
0.7720703125
0.77578125
0.78125
0.78095703125
0.78291015625
0.78603515625
0.78359375
0.7822265625
0.78740234375
0.78388671875
0.787890625
0.78076171875
0.78388671875
0.7810546875
0.7853515625
0.7859375
0.78310546875
0.7814453125
0.782421875
0.78291015625
0.78662109375
0.78427734375
0.78388671875
0.78701171875
0.7828125
0.78408203125
0.7845703125
0.784375
0.7830078125
0.78662109375
0.7818359375
0.79150390625
0.78662109375
0.78671875
0.79013671875
0.78779296875
0.79111328125
0.7798828125
0.7822265625
0.7859375
0.78720703125
0.78603515625
0.7943359375
0.78427734375
0.79091796875
0.78369140625
0.7865234375
0.788671875
0.7908203125
0.78583984375
0.79189453125
0.79033203125
0.78720703125
0.78369140625
0.78486328125
0.7837890625
0.7845703125
0.784375
0.78349609375
0.78720703125
0.791796875
0.790625
0.78662109375
0.79208984375
0.79150390625
0.78876953125
0.7859375
0.7888671875
0.78994140625
0.7857421875
0.79091796875
0.79072265625
0.78525390625
0.78935546875
0.79033203125
0.7861328125
0.78876953125
0.79287109375
0.7892578125
0.7890625
0.78974609375
0.79169921875
0.7890625
0.7888671875
0.7939453125
0.7912109375
0.7908203125
0.7875
0.78984375
0.79013671875
0.79052734375
0.79072265625
0.7873046875
0.79140625
0.789453125
0.794140625
0.79306640625
0.7935546875
0.79306640625
0.7931640625
0.79990234375
0.794921875
0.79375
0.79140625
0.79189453125
0.79150390625
0.79052734375
0.7927734375
0.7890625
0.789453125
0.795703125
0.7935546875
0.79794921875
0.80009765625
0.79638671875
0.79619140625
0.797265625
0.80048828125
0.798046875
0.7974609375
0.7904296875
0.78896484375
0.79931640625
0.7998046875
0.7986328125
0.7896484375
0.794921875
0.8
0.7921875
0.797265625
0.79609375
0.7955078125
0.8017578125
0.79736328125
0.796875
0.8001953125
0.798046875
0.80068359375
0.7978515625
0.80048828125
0.80302734375
0.7998046875
0.79892578125
0.8001953125
0.79501953125
0.7931640625
0.79013671875
0.78984375
0.79775390625
0.80029296875
0.80126953125
0.7939453125
0.7984375
0.80107421875
0.8001953125
0.80478515625
0.79951171875
0.79384765625
0.79345703125
0.792578125
0.7978515625
0.78818359375
0.79443359375
0.7966796875
0.79580078125
0.7998046875
0.7990234375
0.80234375
0.79951171875
0.79931640625
0.80029296875
0.8001953125
0.7994140625
0.796875
0.8041015625
0.8041015625
0.80185546875
0.8029296875
0.80380859375
0.80390625
0.799609375
0.804296875
0.8025390625
0.80146484375
0.80439453125
0.803515625
0.80126953125
0.79912109375
0.79951171875
0.80029296875
0.80419921875
0.80322265625
0.80126953125
0.80703125
0.803515625
0.80419921875
0.80390625
0.80908203125
0.809765625
0.805859375
0.81181640625
0.8072265625
0.80830078125
0.8080078125
0.80810546875
0.8083984375
0.80869140625
0.80830078125
0.80634765625
0.8046875
0.8091796875
0.8056640625
0.8029296875
0.800390625
0.79853515625
0.799609375
0.8109375
0.809765625
0.81123046875
0.80888671875
0.810546875
0.8041015625
0.808984375
0.8052734375
0.809765625
0.80810546875
0.80419921875
0.80625
0.80419921875
0.805078125
0.8064453125
0.8103515625
0.8083984375
0.80244140625
0.81015625
0.81416015625
0.81201171875
0.81025390625
0.80947265625
0.80888671875
0.8087890625
0.81337890625
0.808984375
0.81025390625
0.811328125
0.80908203125
0.8134765625
0.81201171875
0.81376953125
0.8154296875
0.80947265625
0.8046875
0.80458984375
0.81044921875
0.808984375
0.81318359375
0.809375
0.80986328125
0.810546875
0.8080078125
0.8076171875
0.8080078125
0.8119140625
0.8123046875
0.8140625
0.815625
0.8138671875
0.8154296875
0.81337890625
0.812890625
0.81826171875
0.8123046875
0.81552734375
0.812890625
0.8185546875
0.81630859375
0.82490234375
0.81552734375
0.81630859375
0.8119140625
0.8125
0.81201171875
0.81171875
0.8111328125
0.81328125
0.81728515625
0.8185546875
0.81708984375
0.8154296875
0.81103515625
0.81328125
0.81328125
0.8115234375
0.81259765625
0.81376953125
0.8162109375
0.81708984375
0.81796875
0.819921875
0.81865234375
0.815625
0.815234375
0.82138671875
0.8248046875
0.8228515625
0.81611328125
0.81708984375
0.81591796875
0.8169921875
0.8185546875
0.81484375
0.81640625
0.8154296875
0.8193359375
0.825
0.8236328125
0.82041015625
0.82109375
0.8189453125
0.81806640625
0.81630859375
0.81923828125
0.8234375
0.81923828125
0.8220703125
0.82099609375
0.8201171875
0.8166015625
0.82109375
0.82197265625
0.821484375
0.818359375
0.81826171875
0.82021484375
0.8158203125
0.820703125
0.8220703125
0.820703125
0.8220703125
0.82470703125
0.82548828125
0.8248046875
0.82451171875
0.82314453125
0.82734375
0.82841796875
0.8310546875
0.83095703125
0.82646484375
0.8263671875
0.82578125
0.828125
0.8263671875
0.82734375
0.82509765625
0.8271484375
0.825390625
0.82705078125
0.82763671875
0.82724609375
0.8255859375
0.82509765625
0.82568359375
0.82880859375
0.8251953125
0.83056640625
0.83115234375
0.830078125
0.8310546875
0.8349609375
0.830078125
0.8263671875
0.82578125
0.82529296875
0.82578125
0.8306640625
0.8263671875
0.8271484375
0.82236328125
0.8185546875
0.8271484375
0.82666015625
0.82724609375
0.8275390625
0.82646484375
0.8271484375
0.83037109375
0.8283203125
0.82900390625
0.83212890625
0.830859375
0.83212890625
0.8291015625
0.82607421875
0.8271484375
0.83056640625
0.82978515625
0.83203125
0.83232421875
0.8310546875
0.82939453125
0.82578125
0.82705078125
0.828125
0.82705078125
0.82958984375
0.83154296875
0.83408203125
0.834375
0.8353515625
0.83447265625
0.8345703125
0.83388671875
0.83359375
0.83681640625
0.8359375
0.835546875
0.83671875
0.837109375
0.84013671875
0.833984375
0.83544921875
0.83447265625
0.83486328125
0.8314453125
0.83125
0.8310546875
0.8298828125
0.83154296875
0.8361328125
0.84228515625
0.83935546875
0.83974609375
0.8412109375
0.84208984375
0.8431640625
0.8447265625
0.84697265625
0.84365234375
0.8435546875
0.84541015625
0.84287109375
0.84052734375
0.83896484375
0.8376953125
0.8388671875
0.84033203125
0.84189453125
0.84296875
0.8376953125
0.83759765625
0.8388671875
0.840234375
0.84033203125
0.83876953125
0.83759765625
0.83427734375
0.8353515625
0.83603515625
0.83671875
0.83447265625
0.837109375
0.83818359375
0.8365234375
0.84013671875
0.83935546875
0.8376953125
0.83408203125
0.83359375
0.83515625
0.8388671875
0.84208984375
0.8431640625
0.844140625
0.84306640625
0.8423828125
0.8447265625
0.84814453125
0.8447265625
0.8421875
0.84501953125
0.8451171875
0.84296875
0.840625
0.84111328125
0.839453125
0.8421875
0.8439453125
0.84404296875
0.84580078125
0.8486328125
0.850390625
0.84697265625
0.846875
0.8455078125
0.84599609375
0.8462890625
0.84453125
0.84619140625
0.84375
0.8439453125
0.845703125
0.84638671875
0.85185546875
0.8474609375
0.8466796875
0.84267578125
0.84501953125
0.84765625
0.84921875
0.84833984375
0.850390625
0.8521484375
0.84970703125
0.84755859375
0.850390625
0.85009765625
0.84990234375
0.851953125
0.85078125
0.8501953125
0.8482421875
0.85029296875
0.8498046875
0.8462890625
0.850390625
0.8494140625
0.85048828125
0.851171875
0.8533203125
0.8509765625
0.85302734375
0.85390625
0.853515625
0.85654296875
0.8587890625
0.86015625
0.8583984375
0.858984375
0.85849609375
0.855859375
0.8533203125
0.8578125
0.85732421875
0.85361328125
0.85400390625
0.8572265625
0.85927734375
0.85966796875
0.86279296875
0.86025390625
0.86123046875
0.85986328125
0.85576171875
0.85712890625
0.86279296875
0.864453125
0.8603515625
0.85908203125
0.85830078125
0.8583984375
0.86201171875
0.86533203125
0.86328125
0.86474609375
0.86318359375
0.86181640625
0.86025390625
0.86064453125
0.85908203125
0.85849609375
0.85712890625
0.858203125
0.85947265625
0.861328125
0.8623046875
0.86298828125
0.86162109375
0.86572265625
0.86455078125
0.8650390625
0.8650390625
0.8609375
0.861328125
0.86181640625
0.8623046875
0.858984375
0.858203125
0.85546875
0.854296875
0.8552734375
0.85849609375
0.86201171875
0.8634765625
0.865625
0.8669921875
0.86962890625
0.86748046875
0.86728515625
0.86767578125
0.86904296875
0.871875
0.86943359375
0.870703125
0.866796875
0.86474609375
0.866015625
0.86494140625
0.869921875
0.87021484375
0.87099609375
0.86767578125
0.8677734375
0.87216796875
0.87265625
0.8703125
0.87041015625
0.87421875
0.874609375
0.87177734375
0.87119140625
0.87109375
0.87158203125
0.87236328125
0.86943359375
0.87119140625
0.87021484375
0.875
0.87509765625
0.87919921875
0.88046875
0.8814453125
0.88251953125
0.88486328125
0.88505859375
0.8880859375
0.88759765625
0.88564453125
0.88671875
0.88564453125
0.88662109375
0.88505859375
0.883984375
0.884765625
0.88623046875
0.8853515625
0.88544921875
0.88701171875
0.88662109375
0.8892578125
0.8853515625
0.88427734375
0.88427734375
0.88515625
0.8861328125
0.88701171875
0.88623046875
0.88623046875
0.88583984375
0.88603515625
0.88310546875
0.8841796875
0.88505859375
0.88388671875
0.88349609375
0.884765625
0.88408203125
0.887109375
0.89130859375
0.8890625
0.891015625
0.8904296875
0.891796875
0.89228515625
0.89296875
0.8958984375
0.89765625
0.89404296875
0.894921875
0.89599609375
0.89755859375
0.89560546875
0.89921875
0.896875
0.898828125
0.9015625
0.89970703125
0.90029296875
0.90087890625
0.90107421875
0.9009765625
