0.9009765625
0.9029296875
0.90283203125
0.90234375
0.9044921875
0.90634765625
0.9064453125
0.9064453125
0.906640625
0.9048828125
0.9044921875
0.90537109375
0.90537109375
0.90517578125
0.9080078125
0.90908203125
0.90869140625
0.908984375
0.91025390625
0.90927734375
0.9095703125
0.9076171875
0.9115234375
0.91220703125
0.9126953125
0.915625
0.916015625
0.91328125
0.91220703125
0.91123046875
0.91376953125
0.91640625
0.91708984375
0.9169921875
0.9173828125
0.91611328125
0.91826171875
0.91826171875
0.9201171875
0.92041015625
0.91953125
0.919140625
0.9212890625
0.921875
0.9232421875
0.9220703125
0.92333984375
0.9259765625
0.92646484375
0.92666015625
0.9255859375
0.92705078125
0.92822265625
0.92734375
0.92958984375
0.93046875
0.93271484375
0.93271484375
0.9306640625
0.92890625
0.92744140625
0.92724609375
0.92685546875
0.92509765625
0.92626953125
0.9275390625
0.92724609375
0.9275390625
0.9283203125
0.92685546875
0.92666015625
0.928515625
0.92607421875
0.9275390625
0.9267578125
0.92939453125
0.92802734375
0.92978515625
0.93017578125
0.92783203125
0.926953125
0.92939453125
0.92900390625
0.92705078125
0.92958984375
0.9296875
0.9279296875
0.9271484375
0.92783203125
0.92734375
0.927734375
0.92822265625
0.92861328125
0.9283203125
0.92919921875
0.92822265625
0.92685546875
0.92783203125
0.9265625
0.928125
0.92568359375
0.92763671875
0.9279296875
0.92490234375
0.926953125
0.92958984375
0.9302734375
0.92978515625
0.92822265625
0.92783203125
0.9298828125
0.9287109375
0.92919921875
0.9291015625
0.928125
0.92841796875
0.92919921875
0.93271484375
0.9306640625
0.9302734375
0.92861328125
0.93017578125
0.9291015625
0.92900390625
0.92958984375
0.92939453125
0.9326171875
0.93154296875
0.93203125
0.93251953125
0.9283203125
0.92900390625
0.92998046875
0.93037109375
0.93076171875
0.9310546875
0.93173828125
0.9314453125
0.93310546875
0.9330078125
0.9306640625
0.93359375
0.9322265625
0.9318359375
0.930859375
0.93134765625
0.93212890625
0.93369140625
0.93212890625
0.93056640625
0.93173828125
0.93369140625
0.93525390625
0.935546875
0.9328125
0.93193359375
0.93115234375
0.93056640625
0.93427734375
0.93173828125
0.9330078125
0.93232421875
0.93125
0.93271484375
0.930859375
0.93115234375
0.93193359375
0.929296875
0.93046875
0.9296875
0.92861328125
0.92998046875
0.9294921875
0.928515625
0.92763671875
0.93076171875
0.93095703125
0.93134765625
0.93134765625
0.93203125
0.93193359375
0.93388671875
0.93466796875
0.93388671875
0.93642578125
0.93740234375
0.9365234375
0.93447265625
0.932421875
0.930859375
0.9326171875
0.931640625
0.93271484375
0.93125
0.93037109375
0.93173828125
0.933203125
0.93271484375
0.93251953125
0.93193359375
0.93251953125
0.934765625
0.93408203125
0.93271484375
0.9330078125
0.93134765625
0.93212890625
0.9326171875
0.93037109375
0.93203125
0.93359375
0.93486328125
0.93603515625
0.936328125
0.936328125
0.9375
0.9365234375
0.9345703125
0.9322265625
0.93115234375
0.9298828125
0.9265625
0.930859375
0.92998046875
0.92734375
0.925
0.92705078125
0.92626953125
0.93037109375
0.93291015625
0.92763671875
0.92607421875
0.9244140625
0.92666015625
0.9275390625
0.93046875
0.92861328125
0.931640625
0.92880859375
0.92548828125
0.92392578125
0.9220703125
0.92421875
0.92646484375
0.92451171875
0.921875
0.92158203125
0.92470703125
0.9244140625
0.92333984375
0.92158203125
0.92080078125
0.9216796875
0.91845703125
0.91884765625
0.91767578125
0.91806640625
0.91884765625
0.92041015625
0.91611328125
0.92197265625
0.92080078125
0.92177734375
0.92109375
0.91826171875
0.9158203125
0.916796875
0.91083984375
0.91083984375
0.9150390625
0.91748046875
0.918359375
0.9166015625
0.91474609375
0.91455078125
0.912109375
0.9166015625
0.913671875
0.9142578125
0.91181640625
0.91376953125
0.91171875
0.90908203125
0.910546875
0.91171875
0.91220703125
0.91298828125
0.9130859375
0.9138671875
0.912109375
0.91279296875
0.9076171875
0.90771484375
0.90986328125
0.9044921875
0.90546875
0.89873046875
0.90107421875
0.9015625
0.9046875
0.9017578125
0.90625
0.90439453125
0.90361328125
0.90400390625
0.90205078125
0.89765625
0.89794921875
0.8982421875
0.89775390625
0.89775390625
0.9
0.90205078125
0.9037109375
0.89892578125
0.9009765625
0.9009765625
0.90126953125
0.9009765625
0.9025390625
0.90009765625
0.898828125
0.89423828125
0.88681640625
0.8859375
0.8912109375
0.89423828125
0.89560546875
0.89072265625
0.8912109375
0.89306640625
0.8974609375
0.8955078125
0.89482421875
0.89560546875
0.89453125
0.89248046875
0.892578125
0.8935546875
0.89228515625
0.89228515625
0.892578125
0.88818359375
0.88984375
0.89072265625
0.88759765625
0.8853515625
0.88603515625
0.88408203125
0.8833984375
0.87978515625
0.88212890625
0.87919921875
0.8818359375
0.88115234375
0.880859375
0.8796875
0.87880859375
0.8796875
0.88154296875
0.87890625
0.8796875
0.881640625
0.88271484375
0.88251953125
0.88203125
0.8810546875
0.88046875
0.876953125
0.87744140625
0.8732421875
0.8744140625
0.869140625
0.8681640625
0.86689453125
0.86767578125
0.87333984375
0.865234375
0.864453125
0.86826171875
0.869921875
0.86591796875
0.86787109375
0.8654296875
0.86708984375
0.86640625
0.86806640625
0.86357421875
0.85869140625
0.85859375
0.859375
0.85810546875
0.8603515625
0.8568359375
0.8546875
0.8541015625
0.86005859375
0.85888671875
0.85869140625
0.854296875
0.85
0.84912109375
0.84921875
0.8470703125
0.85107421875
0.84765625
0.8419921875
0.83720703125
0.83271484375
0.833984375
0.82958984375
0.8263671875
0.82783203125
0.8234375
0.81923828125
0.822265625
0.81494140625
0.815234375
0.811328125
0.80859375
0.81572265625
0.81640625
0.812109375
0.81298828125
0.813671875
0.8158203125
0.82158203125
0.817578125
0.8115234375
0.80927734375
0.8078125
0.81279296875
0.816015625
0.8115234375
0.81259765625
0.81455078125
0.81572265625
0.81494140625
0.81416015625
0.81494140625
0.812890625
0.8142578125
0.81005859375
0.81083984375
0.81357421875
0.8125
0.8115234375
0.809765625
0.81552734375
0.80859375
0.80537109375
0.80732421875
0.81357421875
0.809375
0.81396484375
0.81240234375
0.81005859375
0.81181640625
0.81318359375
0.81435546875
0.8142578125
0.8138671875
0.80556640625
0.8109375
0.80791015625
0.8060546875
0.8076171875
0.80439453125
0.80888671875
0.80869140625
0.80927734375
0.8068359375
0.811328125
0.80634765625
0.8080078125
0.81015625
0.80546875
0.81474609375
0.81640625
0.809765625
0.8099609375
0.808203125
0.80263671875
0.80703125
0.8060546875
0.80517578125
0.81064453125
0.8107421875
0.80546875
0.80439453125
0.80634765625
0.809765625
0.8115234375
0.8083984375
0.80791015625
0.8078125
0.804296875
0.80859375
0.80810546875
0.8078125
0.80703125
0.8009765625
0.80078125
0.80126953125
0.8033203125
0.80400390625
0.80625
0.80146484375
0.803125
0.802734375
0.8005859375
0.80068359375
0.79794921875
0.804296875
0.80126953125
0.80029296875
0.80234375
0.7935546875
0.79873046875
0.793359375
0.79375
0.8029296875
0.79326171875
0.79912109375
0.79775390625
0.79931640625
0.80634765625
0.80498046875
0.80205078125
0.79873046875
0.79736328125
0.79326171875
0.7962890625
0.790234375
0.79560546875
0.8052734375
0.802734375
0.80107421875
0.79873046875
0.7986328125
0.79208984375
0.79638671875
0.7978515625
0.79345703125
0.79111328125
0.79267578125
0.79599609375
0.7951171875
0.79619140625
0.7953125
0.7986328125
0.8013671875
0.80126953125
0.79990234375
0.791015625
0.798046875
0.8033203125
0.7984375
0.79794921875
0.796484375
0.79111328125
0.792578125
0.7919921875
0.79775390625
0.790625
0.79560546875
0.79072265625
0.79501953125
0.7970703125
0.795703125
0.79853515625
0.7962890625
0.80185546875
0.79755859375
0.79423828125
0.7978515625
0.79326171875
0.79287109375
0.78857421875
0.7888671875
0.7984375
0.7935546875
0.7953125
0.80087890625
0.79716796875
0.79521484375
0.7916015625
0.7908203125
0.79482421875
0.8021484375
0.7935546875
0.78984375
0.78916015625
0.79130859375
0.794921875
0.7931640625
0.7921875
0.79853515625
0.796875
0.79482421875
0.7953125
0.7904296875
0.79462890625
0.78974609375
0.78994140625
0.79248046875
0.793359375
0.79619140625
0.79072265625
0.78857421875
0.78564453125
0.79208984375
0.7927734375
0.7900390625
0.7896484375
0.7951171875
0.7966796875
0.79560546875
0.79462890625
0.79296875
0.78681640625
0.7865234375
0.78720703125
0.788671875
0.7921875
0.79609375
0.7876953125
0.7919921875
0.79736328125
0.794140625
0.78955078125
0.7892578125
0.78681640625
0.79306640625
0.79521484375
0.7962890625
0.7970703125
0.7939453125
0.7873046875
0.79453125
0.7927734375
0.7916015625
0.78486328125
0.783203125
0.78271484375
0.783984375
0.7900390625
0.790234375
0.783984375
0.783984375
0.78271484375
0.783984375
0.78525390625
0.78505859375
0.7890625
0.78818359375
0.78447265625
0.784375
0.78740234375
0.78720703125
0.7857421875
0.7822265625
0.78125
0.78818359375
0.78505859375
0.7869140625
0.78486328125
0.783203125
0.7833984375
0.787109375
0.784375
0.78505859375
0.7796875
0.7873046875
0.7806640625
0.78740234375
0.784375
0.78623046875
0.7876953125
0.78271484375
0.78173828125
0.78505859375
0.78525390625
0.77939453125
0.77587890625
0.778125
0.77509765625
0.7798828125
0.78037109375
0.783984375
0.78759765625
0.78037109375
0.7822265625
0.78134765625
0.78271484375
0.78125
0.77734375
0.77119140625
0.77958984375
0.78125
0.78232421875
0.782421875
0.785546875
0.7849609375
0.78115234375
0.77451171875
0.7791015625
0.776171875
0.7806640625
0.78505859375
0.777734375
0.7802734375
0.7826171875
0.78125
0.78037109375
0.77412109375
0.77392578125
0.77861328125
0.78095703125
0.78154296875
0.785546875
0.77861328125
0.77919921875
0.776953125
0.779296875
0.778125
0.773046875
0.78056640625
0.785546875
0.7736328125
0.77236328125
0.7765625
0.78115234375
0.78212890625
0.784765625
0.77646484375
0.777734375
0.77177734375
0.7818359375
0.77880859375
0.7796875
0.7767578125
0.7802734375
0.7791015625
0.770703125
0.7765625
0.777734375
0.7744140625
0.774609375
0.7787109375
0.77275390625
0.77353515625
0.777734375
0.77880859375
0.7767578125
0.7794921875
0.77099609375
0.7783203125
0.7775390625
0.770703125
0.77998046875
0.77021484375
0.7787109375
0.769921875
0.76611328125
0.76826171875
0.77578125
0.7732421875
0.773046875
0.77080078125
0.7728515625
0.776171875
0.7744140625
0.77197265625
0.769140625
0.7748046875
0.76796875
0.773046875
0.7708984375
0.772265625
0.77724609375
0.77412109375
0.7748046875
0.77939453125
0.77822265625
0.77802734375
0.77802734375
0.77119140625
0.77294921875
0.776953125
0.7763671875
0.77568359375
0.77578125
0.76474609375
0.768359375
0.76875
0.7701171875
0.77314453125
0.77080078125
0.77138671875
0.77216796875
0.7693359375
0.7693359375
0.7716796875
0.77314453125
0.7681640625
0.7646484375
0.765625
0.769140625
0.7705078125
0.77548828125
0.770703125
0.77568359375
0.77958984375
0.773828125
0.77294921875
0.769140625
0.7720703125
0.769921875
0.77177734375
0.7728515625
0.7703125
0.76279296875
0.77001953125
0.76962890625
0.76328125
0.76533203125
0.7720703125
0.77294921875
0.7716796875
0.770703125
0.7650390625
0.76826171875
0.76787109375
0.763671875
0.7720703125
0.7658203125
0.76572265625
0.76298828125
0.76865234375
0.7662109375
0.7681640625
0.763671875
0.7669921875
0.7693359375
0.7611328125
0.762109375
0.76494140625
0.76494140625
0.76396484375
0.76376953125
0.769140625
0.76572265625
0.76552734375
0.76474609375
0.76904296875
0.77236328125
0.77177734375
0.76611328125
0.76396484375
0.76474609375
0.76669921875
0.763671875
0.7697265625
0.76484375
0.76328125
0.76162109375
0.7638671875
0.7630859375
0.7609375
0.7626953125
0.76142578125
0.7603515625
0.76240234375
0.7744140625
0.76650390625
0.76806640625
0.76123046875
0.76279296875
0.76708984375
0.76083984375
0.7625
0.765234375
0.76953125
0.7681640625
0.76337890625
0.76240234375
0.762890625
0.7638671875
0.76103515625
0.76298828125
0.7546875
0.76259765625
0.7681640625
0.7626953125
0.75478515625
0.7583984375
0.76572265625
0.765234375
0.76337890625
0.7603515625
0.76259765625
0.7611328125
0.75986328125
0.7619140625
0.760546875
0.75732421875
0.76240234375
0.7658203125
0.7611328125
0.76708984375
0.75859375
0.762109375
0.755859375
0.7560546875
0.7564453125
0.75673828125
0.75810546875
0.75703125
0.7611328125
0.76171875
0.75712890625
0.75478515625
0.7546875
0.758203125
0.7595703125
0.75888671875
0.7583984375
0.75869140625
0.7607421875
0.7626953125
0.76162109375
0.76123046875
0.7603515625
0.75341796875
0.757421875
0.76357421875
0.762109375
0.75693359375
0.756640625
0.76181640625
0.75947265625
0.75859375
0.756640625
0.7560546875
0.7568359375
0.75205078125
0.75166015625
0.75888671875
0.75517578125
0.75966796875
0.75791015625
0.75966796875
0.75771484375
0.76005859375
0.75615234375
0.75400390625
0.753515625
0.75634765625
0.752734375
0.755078125
0.75625
0.75751953125
0.76015625
0.76298828125
0.75400390625
0.75654296875
0.75673828125
0.75556640625
0.75380859375
0.7583984375
0.756640625
0.7546875
0.74521484375
0.75888671875
0.7494140625
0.74990234375
0.75087890625
0.74970703125
0.74736328125
0.75400390625
0.755078125
0.748046875
0.7498046875
0.759375
0.747265625
0.75185546875
0.74638671875
0.75390625
0.75673828125
0.75029296875
0.74921875
0.75185546875
0.75771484375
0.752734375
0.75283203125
0.7501953125
0.7546875
0.749609375
0.7462890625
0.75205078125
