0.7432454427083334
0.69775390625
0.6907552083333334
0.6895345052083334
0.6830240885416666
0.6810709635416666
0.6747233072916666
0.6827799479166666
0.687255859375
0.685791015625
0.679931640625
0.68359375
0.68505859375
0.6866861979166666
0.6815592447916666
0.6844889322916666
0.6853841145833334
0.683837890625
0.6817220052083334
0.6873372395833334
0.6776529947916666
0.68212890625
0.6888020833333334
0.681396484375
0.6858723958333334
0.6810709635416666
0.6897786458333334
0.6826985677083334
0.6868489583333334
0.68798828125
0.6875813802083334
0.6881510416666666
0.685791015625
0.6822102864583334
0.68212890625
0.6815592447916666
0.6875813802083334
0.68212890625
0.6844075520833334
0.6812337239583334
0.6849772135416666
0.6834309895833334
0.6805013020833334
0.6839192708333334
0.6866861979166666
0.6895345052083334
0.687744140625
0.680419921875
0.682373046875
0.6858723958333334
0.681884765625
0.6851399739583334
0.6861165364583334
0.6847330729166666
0.6881510416666666
0.6829427083333334
0.6856282552083334
0.6861979166666666
0.684326171875
0.6876627604166666
0.6841634114583334
0.6901041666666666
0.6845703125
0.682861328125
0.690185546875
0.6871744791666666
0.6878255208333334
0.6883138020833334
0.688232421875
0.6891276041666666
0.6847330729166666
0.6875
0.6898600260416666
0.6913248697916666
0.6870930989583334
0.6848958333333334
0.685791015625
0.6815592447916666
0.6829427083333334
0.687744140625
0.6923014322916666
0.6896158854166666
0.6868489583333334
0.6869303385416666
0.6904296875
0.6913248697916666
0.691650390625
0.6846516927083334
0.6885579427083334
0.6847330729166666
0.6904296875
0.6876627604166666
0.6949869791666666
0.6952311197916666
0.69287109375
0.680908203125
0.6859537760416666
0.6873372395833334
0.6858723958333334
0.6876627604166666
0.6907552083333334
0.6861979166666666
0.690673828125
0.6869303385416666
0.6875813802083334
0.689697265625
0.6956380208333334
0.6848958333333334
0.6913248697916666
0.6903483072916666
0.694580078125
0.6927897135416666
0.6901041666666666
0.6909993489583334
0.6927083333333334
0.6880696614583334
0.683837890625
0.6905110677083334
0.6966145833333334
0.6869303385416666
0.6918131510416666
0.6909993489583334
0.6903483072916666
0.6886393229166666
0.6923828125
0.69140625
0.68603515625
0.6947428385416666
0.6930338541666666
0.6925455729166666
0.691162109375
0.6840006510416666
0.687744140625
0.6969401041666666
0.6884765625
0.6927083333333334
0.6900227864583334
0.6858723958333334
0.6930338541666666
0.689208984375
0.6900227864583334
0.6909993489583334
0.6879069010416666
0.69580078125
0.6951497395833334
0.6913248697916666
0.69287109375
0.691650390625
0.7001953125
0.6951497395833334
0.69580078125
0.696044921875
0.7006022135416666
0.70166015625
0.69580078125
0.6966145833333334
0.696044921875
0.69921875
0.6981608072916666
0.698974609375
0.6922200520833334
0.6897786458333334
0.6923828125
0.6956380208333334
0.7018229166666666
0.6980794270833334
0.6976725260416666
0.6962890625
0.6996256510416666
0.7000325520833334
0.7018229166666666
0.698486328125
0.692626953125
0.6927897135416666
0.6985677083333334
0.6918131510416666
0.6924641927083334
0.6922200520833334
0.7027180989583334
0.6944986979166666
0.6966145833333334
0.6941731770833334
0.699951171875
0.7007649739583334
0.7012532552083334
0.7047526041666666
0.6996256510416666
0.700439453125
0.7013346354166666
0.6986490885416666
0.6919759114583334
0.6964518229166666
0.6951497395833334
0.700439453125
0.7024739583333334
0.7008463541666666
0.7067057291666666
0.6998697916666666
0.702880859375
0.705322265625
0.7036946614583334
0.6980794270833334
0.6959635416666666
0.6986490885416666
0.701904296875
0.7001953125
0.7000325520833334
0.6975911458333334
0.7003580729166666
0.7032063802083334
0.7086588541666666
0.7024739583333334
0.7045084635416666
0.7032063802083334
0.7005208333333334
0.6903483072916666
0.7083333333333334
0.706298828125
0.703857421875
0.7015787760416666
0.7000325520833334
0.701416015625
0.6949869791666666
0.6957194010416666
0.7029622395833334
0.70361328125
0.709228515625
0.704345703125
0.7073567708333334
0.703369140625
0.7049967447916666
0.7037760416666666
0.7039388020833334
0.7021484375
0.6905110677083334
0.6947428385416666
0.7018229166666666
0.7035319010416666
0.701904296875
0.7025553385416666
0.7041015625
0.6988932291666666
0.7085774739583334
0.705078125
0.703857421875
0.69970703125
0.7051595052083334
0.708251953125
0.7125651041666666
0.7045084635416666
0.7108561197916666
0.6993001302083334
0.690673828125
0.6978352864583334
0.7041829427083334
0.700927734375
0.7057291666666666
0.7049967447916666
0.7029622395833334
0.701171875
0.7068684895833334
0.7007649739583334
0.7059733072916666
0.7112630208333334
0.7003580729166666
0.7088216145833334
0.7103678385416666
0.7095540364583334
0.7112630208333334
0.7078450520833334
0.6988118489583334
0.70849609375
0.7058919270833334
0.7068684895833334
0.7093912760416666
0.710205078125
0.7042643229166666
0.71240234375
0.7090657552083334
0.7067057291666666
0.703369140625
0.703369140625
0.6988932291666666
0.7109375
0.7100423177083334
0.7067057291666666
0.7090657552083334
0.7113444010416666
0.7115885416666666
0.7106119791666666
0.7044270833333334
0.7184244791666666
0.7090657552083334
0.7076009114583334
0.7096354166666666
0.7142740885416666
0.7101236979166666
0.7137858072916666
0.7115071614583334
0.7083333333333334
0.70751953125
0.7119954427083334
0.7206217447916666
0.7147623697916666
0.715576171875
0.7168782552083334
0.7089029947916666
0.7080078125
0.7069498697916666
0.7073567708333334
0.7137044270833334
0.709228515625
0.7086588541666666
0.7112630208333334
0.7091471354166666
0.7030436197916666
0.707275390625
0.7083333333333334
0.7049967447916666
0.7119140625
0.7120768229166666
0.7129720052083334
0.7119140625
0.7154134114583334
0.7102864583333334
0.7040201822916666
0.7119954427083334
0.711181640625
0.7047526041666666
0.7088216145833334
0.707275390625
0.718505859375
0.7198079427083334
0.708984375
0.7107747395833334
0.7128092447916666
0.710205078125
0.714111328125
0.7144368489583334
0.7128092447916666
0.7119140625
0.7128092447916666
0.7164713541666666
0.7129720052083334
0.7174479166666666
0.7093098958333334
0.7180989583333334
0.7172037760416666
0.7152506510416666
0.714111328125
0.7168782552083334
0.7158203125
0.7173665364583334
0.7135416666666666
0.7201334635416666
0.7235514322916666
0.7154134114583334
0.709716796875
0.7140299479166666
0.7201334635416666
0.7188313802083334
0.7181803385416666
0.7147623697916666
0.7186686197916666
0.7145182291666666
0.7197265625
0.7161458333333334
0.7174479166666666
0.7157389322916666
0.721923828125
0.7172037760416666
0.71337890625
0.7103678385416666
0.7132161458333334
0.7215169270833334
0.7264811197916666
0.7212727864583334
0.7140299479166666
0.72119140625
0.7117513020833334
0.7174479166666666
0.7130533854166666
0.7154947916666666
0.7109375
0.7140299479166666
0.7161458333333334
0.7176106770833334
0.7195638020833334
0.721435546875
0.7272135416666666
0.7267252604166666
0.7255859375
0.717529296875
0.7264811197916666
0.71923828125
0.7211100260416666
0.7211100260416666
0.7201334635416666
0.7189127604166666
0.72216796875
0.72314453125
0.719970703125
0.7198079427083334
0.7188313802083334
0.7306315104166666
0.726318359375
0.7301432291666666
0.725341796875
0.7290852864583334
0.7305501302083334
0.7354329427083334
0.7296549479166666
0.72802734375
0.7339680989583334
0.724609375
0.726318359375
0.7224934895833334
0.7220865885416666
0.7246907552083334
0.7263997395833334
0.7323404947916666
0.73779296875
0.7356770833333334
0.7313639322916666
0.725830078125
0.72509765625
0.7327473958333334
0.7318522135416666
0.7347819010416666
0.7378743489583334
0.7345377604166666
0.7332356770833334
0.7374674479166666
0.7293294270833334
0.733642578125
0.7320963541666666
0.7291666666666666
0.7255859375
0.7284342447916666
0.7251790364583334
0.7314453125
0.7322591145833334
0.72607421875
0.7316080729166666
0.733642578125
0.7361653645833334
0.7279459635416666
0.7271321614583334
0.7335611979166666
0.7313639322916666
0.734619140625
0.7314453125
0.7356770833333334
0.734375
0.7383626302083334
0.7393391927083334
0.7378743489583334
0.73876953125
0.7350260416666666
0.72998046875
0.7352701822916666
0.737060546875
0.73486328125
0.7305501302083334
0.7290852864583334
0.7332356770833334
0.7307942708333334
0.7215169270833334
0.7291666666666666
0.7295735677083334
0.7357584635416666
0.7262369791666666
0.7213541666666666
0.732177734375
0.7314453125
0.726806640625
0.724365234375
0.7345377604166666
0.7373860677083334
0.7342936197916666
0.7353515625
0.734130859375
0.7340494791666666
0.739501953125
0.7425130208333334
0.7413736979166666
0.7381998697916666
0.7350260416666666
0.73828125
0.7362467447916666
0.7364095052083334
0.7396647135416666
0.7422688802083334
0.7333170572916666
0.7325032552083334
0.7408040364583334
0.73681640625
0.7371419270833334
0.7345377604166666
0.7368977864583334
0.7400716145833334
0.7421875
0.732666015625
0.7350260416666666
0.738525390625
0.7408040364583334
0.7442220052083334
0.7427571614583334
0.741455078125
0.7457682291666666
0.7484537760416666
0.73876953125
0.739013671875
0.7413736979166666
0.74462890625
0.7483723958333334
0.7482096354166666
0.74951171875
0.74365234375
0.7474772135416666
0.7483723958333334
0.7410481770833334
0.7443033854166666
0.7465006510416666
0.7479654947916666
0.7460123697916666
0.745361328125
0.7452799479166666
0.7452799479166666
0.7484537760416666
0.745849609375
0.741455078125
0.741943359375
0.7415364583333334
0.7483723958333334
0.7430826822916666
0.7396647135416666
0.7410481770833334
0.7484537760416666
0.7471516927083334
0.7583821614583334
0.7515462239583334
0.7517903645833334
0.751708984375
0.7482096354166666
0.7460123697916666
0.751953125
0.747314453125
0.750732421875
0.75244140625
0.7447916666666666
0.7459309895833334
0.74609375
0.7462565104166666
0.748046875
0.7508138020833334
0.7490234375
0.7539876302083334
0.7578938802083334
0.7586263020833334
0.7554524739583334
0.75537109375
0.7582194010416666
0.75732421875
0.7574869791666666
0.7626139322916666
0.76171875
0.764404296875
0.762451171875
0.7593587239583334
0.76416015625
0.764892578125
0.7652180989583334
0.7652180989583334
0.759521484375
0.76220703125
0.7674153645833334
0.7655436197916666
0.7655436197916666
0.76904296875
0.7669270833333334
0.7648111979166666
0.7632649739583334
0.7632649739583334
0.7662760416666666
0.7713216145833334
0.7705078125
0.7748209635416666
0.7664388020833334
0.7691243489583334
0.7740885416666666
0.7714029947916666
0.7740071614583334
0.7745768229166666
0.7759602864583334
0.7753092447916666
0.7722981770833334
0.77197265625
0.7770182291666666
0.779541015625
0.7867024739583334
0.7832845052083334
0.7820638020833334
0.78271484375
0.7879231770833334
0.784423828125
0.7889811197916666
0.7920735677083334
0.7884928385416666
0.7854817708333334
0.7871907552083334
0.7915852864583334
0.791015625
0.7888997395833334
0.7894694010416666
0.7908528645833334
0.7888997395833334
0.7920735677083334
0.7908528645833334
0.7955729166666666
0.7960611979166666
0.801513671875
0.8094075520833334
0.809326171875
0.809326171875
0.8140462239583334
0.8134765625
0.8119303385416666
0.8148600260416666
0.81494140625
0.8177897135416666
0.8187662760416666
0.8179524739583334
0.8226725260416666
0.82666015625
0.8271484375
0.8229166666666666
0.830810546875
0.829345703125
0.82958984375
0.8212890625
0.8243815104166666
0.8299153645833334
0.827392578125
0.8345540364583334
0.833984375
0.8321940104166666
0.8328450520833334
0.8339029947916666
0.8352864583333334
0.8387858072916666
0.839111328125
0.83740234375
0.8395182291666666
0.8423665364583334
0.8467610677083334
0.8477376302083334
0.847412109375
0.8446451822916666
0.8426920572916666
0.846435546875
0.841552734375
0.8418782552083334
0.8450520833333334
0.8434244791666666
0.8447265625
0.8448893229166666
0.848388671875
0.8441569010416666
0.8490397135416666
0.85693359375
0.8519694010416666
0.856689453125
0.8558756510416666
0.859375
0.860107421875
0.8623046875
0.8661295572916666
0.8675944010416666
0.86767578125
0.86962890625
0.8741048177083334
0.8738606770833334
0.866943359375
0.8705240885416666
0.8677571614583334
0.8701985677083334
0.8732096354166666
0.8751627604166666
0.8719889322916666
0.8741861979166666
0.87646484375
0.874755859375
0.8760579427083334
0.8738606770833334
0.8758138020833334
0.877197265625
0.8758951822916666
0.881103515625
0.878173828125
0.8806966145833334
0.8831380208333334
0.8798014322916666
0.8827311197916666
0.884765625
0.8837076822916666
0.88671875
0.88720703125
0.8890787760416666
0.8882649739583334
0.89453125
0.8919270833333334
0.8902994791666666
0.8955078125
0.8934733072916666
0.8929036458333334
0.8964029947916666
0.895263671875
0.8929850260416666
0.892578125
0.8973795572916666
0.8983561197916666
0.8966471354166666
0.89599609375
0.8978678385416666
0.8992513020833334
0.9043782552083334
0.905517578125
0.9047037760416666
0.9042154947916666
0.9093424479166666
0.9054361979166666
0.9032389322916666
0.9034016927083334
0.9053548177083334
0.9065755208333334
0.9054361979166666
0.906005859375
0.9041341145833334
0.9063313802083334
0.9069010416666666
0.9110514322916666
0.9107259114583334
0.908203125
0.9137369791666666
0.9112141927083334
0.9090983072916666
0.9117838541666666
0.9120279947916666
0.912109375
0.913818359375
0.9147135416666666
0.9158528645833334
0.9171549479166666
0.9181315104166666
0.9178873697916666
0.918701171875
0.91748046875
0.916748046875
0.9182942708333334
0.9175618489583334
0.917724609375
0.9183756510416666
0.9197591145833334
0.9166666666666666
0.9188639322916666
0.91748046875
0.9209798177083334
0.9207356770833334
0.9203287760416666
0.9228515625
0.9217936197916666
0.92236328125
0.923095703125
0.9244791666666666
0.9235026041666666
0.9243977864583334
0.9236653645833334
0.9236653645833334
0.9242350260416666
0.9231770833333334
0.9246419270833334
0.9266764322916666
0.9234212239583334
0.9267578125
0.9254557291666666
0.925537109375
0.9268391927083334
0.9232584635416666
0.9244791666666666
0.9263509114583334
0.9292805989583334
0.929931640625
0.9300130208333334
0.9324544270833334
0.9314778645833334
0.929931640625
0.9314778645833334
0.93310546875
0.9319661458333334
0.9352213541666666
0.9365234375
0.9361979166666666
0.9340006510416666
0.9348958333333334
0.9358723958333334
0.9353841145833334
0.9373372395833334
0.9375813802083334
0.9385579427083334
0.9376627604166666
0.9380696614583334
0.93896484375
0.93896484375
0.9396158854166666
0.9401041666666666
0.9404296875
0.94140625
0.938232421875
0.939453125
0.9417317708333334
0.9383138020833334
0.93994140625
0.9402669270833334
0.9395345052083334
0.939697265625
0.9410807291666666
0.94189453125
0.9419759114583334
0.9451497395833334
0.9434407552083334
0.9431966145833334
0.9441731770833334
0.942138671875
0.9419759114583334
0.9440104166666666
0.9410807291666666
0.9436848958333334
0.946533203125
0.9443359375
0.9443359375
0.94580078125
0.9464518229166666
0.9441731770833334
0.9476725260416666
0.9459635416666666
0.9444986979166666
0.9443359375
0.944580078125
0.9471028645833334
0.9461263020833334
0.9464518229166666
0.9456380208333334
0.9463704427083334
0.9471842447916666
0.94384765625
0.947021484375
0.9480794270833334
0.94873046875
0.9505208333333334
0.9517415364583334
0.947998046875
0.949951171875
0.9488932291666666
0.9503580729166666
0.9522298177083334
0.9493815104166666
0.9503580729166666
0.9557291666666666
0.9549153645833334
0.9529622395833334
0.950439453125
0.9521484375
0.9521484375
0.953369140625
0.95263671875
0.953857421875
0.9546712239583334
0.955078125
0.9532877604166666
0.9527994791666666
0.95166015625
0.9527180989583334
0.95068359375
0.9523111979166666
0.9493001302083334
0.952880859375
0.9541015625
0.9537760416666666
0.9530436197916666
0.954833984375
0.953857421875
0.954345703125
0.9547526041666666
0.9532063802083334
0.9549153645833334
0.9563802083333334
0.9520670572916666
0.9503580729166666
0.9527180989583334
0.954833984375
0.9549967447916666
0.954345703125
0.954345703125
0.9549967447916666
0.9544270833333334
0.955322265625
0.9552408854166666
0.954833984375
0.956298828125
0.9545084635416666
0.9558919270833334
0.9547526041666666
0.953125
0.9527994791666666
0.9527994791666666
0.9557291666666666
0.9530436197916666
0.953125
0.9547526041666666
0.9542643229166666
0.955078125
0.954833984375
0.9547526041666666
0.954833984375
0.955322265625
0.9562174479166666
0.9556477864583334
0.95556640625
0.95849609375
0.9559733072916666
0.957275390625
0.9576009114583334
0.9566243489583334
0.9549153645833334
0.9552408854166666
0.9542643229166666
0.9557291666666666
0.952880859375
0.95361328125
0.956298828125
0.9539388020833334
0.9562174479166666
0.9574381510416666
0.959228515625
0.9588216145833334
0.9589029947916666
0.956787109375
0.958251953125
0.9581705729166666
0.9542643229166666
0.9527180989583334
0.955322265625
0.9557291666666666
0.95751953125
0.957763671875
0.9581705729166666
0.9593098958333334
0.9576822916666666
0.958984375
0.959228515625
0.95947265625
0.9573567708333334
0.9581705729166666
0.9580078125
0.958740234375
0.9602864583333334
0.9589029947916666
0.9606119791666666
0.9578450520833334
0.9571940104166666
0.9585774739583334
0.9585774739583334
0.9579264322916666
0.95947265625
0.9585774739583334
0.960205078125
0.96044921875
0.9609375
0.9609375
0.9599609375
0.9597981770833334
0.9612630208333334
0.9606119791666666
0.9603678385416666
0.9607747395833334
0.9611002604166666
0.9632975260416666
0.962890625
0.9630533854166666
0.96240234375
0.9610188802083334
0.962890625
0.9634602864583334
0.9651692708333334
0.9650065104166666
0.96435546875
0.9637044270833334
0.9654947916666666
0.967041015625
0.9635416666666666
