0.9635416666666666
0.9622395833333334
0.9615885416666666
0.9627278645833334
0.9607747395833334
0.9632161458333334
0.9632975260416666
0.9637044270833334
0.9635416666666666
0.9634602864583334
0.962646484375
0.9619954427083334
0.9632975260416666
0.9620768229166666
0.96044921875
0.961669921875
0.962890625
0.9632161458333334
0.9625651041666666
0.9632161458333334
0.963623046875
0.9620768229166666
0.96240234375
0.9632975260416666
0.9627278645833334
0.962646484375
0.9619140625
0.9619954427083334
0.9607747395833334
0.9627278645833334
0.96142578125
0.9619140625
0.962646484375
0.963134765625
0.9615885416666666
0.96337890625
0.963623046875
0.9669596354166666
0.9638671875
0.9652506510416666
0.9642740885416666
0.9649251302083334
0.9641927083333334
0.96484375
0.9625651041666666
0.96435546875
0.9635416666666666
0.96142578125
0.9620768229166666
0.9611002604166666
0.9615885416666666
0.9630533854166666
0.964599609375
0.9635416666666666
0.9612630208333334
0.96044921875
0.9612630208333334
0.962890625
0.9645182291666666
0.964111328125
0.9659830729166666
0.965576171875
0.9642740885416666
0.962890625
0.9639485677083334
0.964599609375
0.9622395833333334
0.962158203125
0.9618326822916666
0.9615071614583334
0.96240234375
0.96337890625
0.9634602864583334
0.9630533854166666
0.9630533854166666
0.9625651041666666
0.96240234375
0.962158203125
0.9645182291666666
0.9630533854166666
0.9632975260416666
0.9634602864583334
0.9637044270833334
0.965087890625
0.9664713541666666
0.9659016927083334
0.9640299479166666
0.9647623697916666
0.9652506510416666
0.962646484375
0.9630533854166666
0.962646484375
0.96240234375
0.9608561197916666
0.9628092447916666
0.9622395833333334
0.9637858072916666
0.96435546875
0.965576171875
0.9623209635416666
0.9637858072916666
0.9637858072916666
0.9641927083333334
0.96533203125
0.9637044270833334
0.9642740885416666
0.961669921875
0.9641927083333334
0.9645182291666666
0.9654134114583334
0.9637858072916666
0.9611002604166666
0.9632975260416666
0.96484375
0.9638671875
0.962890625
0.9615071614583334
0.9611002604166666
0.9634602864583334
0.9640299479166666
0.9652506510416666
0.967041015625
0.9637858072916666
0.963134765625
0.9618326822916666
0.9637044270833334
0.962890625
0.96142578125
0.961669921875
0.9624837239583334
0.9619140625
0.963134765625
0.961669921875
0.9608561197916666
0.9607747395833334
0.9605305989583334
0.9622395833333334
0.9623209635416666
0.9611002604166666
0.9619954427083334
0.9629720052083334
0.9624837239583334
0.960693359375
0.9619954427083334
0.960205078125
0.9597981770833334
0.958740234375
0.9589029947916666
0.9589029947916666
0.9586588541666666
0.9578450520833334
0.9600423177083334
0.9644368489583334
0.9637044270833334
0.9618326822916666
0.962890625
0.9632975260416666
0.9635416666666666
0.9651692708333334
0.9637044270833334
0.9619954427083334
0.9598795572916666
0.9624837239583334
0.96240234375
0.964111328125
0.9625651041666666
0.96240234375
0.9637044270833334
0.9635416666666666
0.9625651041666666
0.9638671875
0.9629720052083334
0.9628092447916666
0.9619140625
0.9597981770833334
0.9600423177083334
0.9576822916666666
0.9597981770833334
0.9597981770833334
0.9624837239583334
0.9613444010416666
0.9593098958333334
0.958251953125
0.959716796875
0.9602864583333334
0.9613444010416666
0.9597981770833334
0.9610188802083334
0.96240234375
0.9606119791666666
0.9591471354166666
0.9591471354166666
0.959716796875
0.96044921875
0.96484375
0.96142578125
0.9619140625
0.9644368489583334
0.9619140625
0.9596354166666666
0.9607747395833334
0.9605305989583334
0.9622395833333334
0.9620768229166666
0.9612630208333334
0.960205078125
0.9617513020833334
0.9619140625
0.9619140625
0.9617513020833334
0.961669921875
0.9617513020833334
0.9609375
0.9615071614583334
0.9635416666666666
0.9637858072916666
0.96337890625
0.9645182291666666
0.9613444010416666
0.9580891927083334
0.9612630208333334
0.9608561197916666
0.9630533854166666
0.9641927083333334
0.96044921875
0.959228515625
0.9607747395833334
0.9602864583333334
0.9608561197916666
0.9602864583333334
0.9595540364583334
0.9600423177083334
0.9607747395833334
0.9598795572916666
0.9627278645833334
0.9619140625
0.9599609375
0.9634602864583334
0.9656575520833334
0.9597981770833334
0.9591471354166666
0.957763671875
0.9602864583333334
0.9581705729166666
0.962158203125
0.960205078125
0.9586588541666666
0.9599609375
0.9619954427083334
0.9591471354166666
0.9617513020833334
0.963623046875
0.958984375
0.9590657552083334
0.9637858072916666
0.9619140625
0.9630533854166666
0.962158203125
0.9593912760416666
0.961181640625
0.958251953125
0.9601236979166666
0.9637858072916666
0.9615885416666666
0.9596354166666666
0.9589029947916666
0.9611002604166666
0.962890625
0.9639485677083334
0.9639485677083334
0.96142578125
0.9619140625
0.9601236979166666
0.9581705729166666
0.9615071614583334
0.9620768229166666
0.9610188802083334
0.9610188802083334
0.9617513020833334
0.9615885416666666
0.9600423177083334
0.9609375
0.9615885416666666
0.960205078125
0.95849609375
0.9610188802083334
0.9632975260416666
0.9615885416666666
0.960205078125
0.9589029947916666
0.9611002604166666
0.9552408854166666
0.960205078125
0.960205078125
0.9599609375
0.9593098958333334
0.962158203125
0.96044921875
0.9619954427083334
0.9615071614583334
0.960693359375
0.9568684895833334
0.9599609375
0.9632161458333334
0.9596354166666666
0.9579264322916666
0.9613444010416666
0.962158203125
0.9618326822916666
0.9608561197916666
0.964111328125
0.9618326822916666
0.961669921875
0.9596354166666666
0.9590657552083334
0.9607747395833334
0.963623046875
0.9588216145833334
0.9585774739583334
0.9583333333333334
0.9617513020833334
0.9602864583333334
0.9578450520833334
0.9602864583333334
0.9601236979166666
0.962646484375
0.9606119791666666
0.957275390625
0.9615885416666666
0.959716796875
0.9580078125
0.959716796875
0.9589029947916666
0.9596354166666666
0.9607747395833334
0.9591471354166666
0.962646484375
0.9578450520833334
0.9571940104166666
0.9637044270833334
0.9642740885416666
0.9605305989583334
0.958984375
0.96240234375
0.96240234375
0.9605305989583334
0.9573567708333334
0.95751953125
0.95947265625
0.956787109375
0.9574381510416666
0.960205078125
0.9600423177083334
0.9595540364583334
0.9610188802083334
0.9576822916666666
0.9595540364583334
0.9581705729166666
0.9629720052083334
0.96240234375
0.9601236979166666
0.9576822916666666
0.956787109375
0.957275390625
0.9599609375
0.9579264322916666
0.9554850260416666
0.9581705729166666
0.9561360677083334
0.9600423177083334
0.9584147135416666
0.9581705729166666
0.955810546875
0.9571940104166666
0.9551595052083334
0.954833984375
0.9540201822916666
0.9569498697916666
0.9573567708333334
0.955322265625
0.9563802083333334
0.95703125
0.9549153645833334
0.9561360677083334
0.9545084635416666
0.953125
0.9545084635416666
0.9539388020833334
0.95458984375
0.952880859375
0.9541829427083334
0.9563802083333334
0.95703125
0.9559733072916666
0.956787109375
0.95703125
0.955810546875
0.9530436197916666
0.9518229166666666
0.9540201822916666
0.953125
0.9549153645833334
0.9541015625
0.95166015625
0.9522298177083334
0.9527994791666666
0.9547526041666666
0.955322265625
0.95458984375
0.9552408854166666
0.95556640625
0.9541015625
0.95556640625
0.9547526041666666
0.9544270833333334
0.9520670572916666
0.9541015625
0.9552408854166666
0.951904296875
0.9508463541666666
0.949462890625
0.94775390625
0.9496256510416666
0.94873046875
0.9534505208333334
0.9519856770833334
0.9490559895833334
0.94921875
0.952392578125
0.9510091145833334
0.9513346354166666
0.94873046875
0.948974609375
0.9481608072916666
0.9442545572916666
0.9517415364583334
0.948486328125
0.9493001302083334
0.9491373697916666
0.9457194010416666
0.947265625
0.9498697916666666
0.945556640625
0.9446614583333334
0.9458821614583334
0.947509765625
0.9486490885416666
0.9503580729166666
0.94970703125
0.9473470052083334
0.9461263020833334
0.9444986979166666
0.9468587239583334
0.9490559895833334
0.9501953125
0.9501139322916666
0.94287109375
0.9482421875
0.9478352864583334
0.9480794270833334
0.9449869791666666
0.9507649739583334
0.9497884114583334
0.948974609375
0.95068359375
0.9453125
0.9473470052083334
0.94873046875
0.9453125
0.9469401041666666
0.947021484375
0.9458821614583334
0.94482421875
0.9457194010416666
0.9431966145833334
0.944580078125
0.9451497395833334
0.9466145833333334
0.9447428385416666
0.9405110677083334
0.943359375
0.9442545572916666
0.9447428385416666
0.9449869791666666
0.9462890625
0.942138671875
0.9462076822916666
0.9432779947916666
0.94140625
0.9395345052083334
0.9376627604166666
0.940185546875
0.94091796875
0.9366861979166666
0.9384765625
0.935791015625
0.935302734375
0.938720703125
0.935302734375
0.93896484375
0.9401041666666666
0.9405924479166666
0.939697265625
0.9383138020833334
0.9397786458333334
0.9410807291666666
0.9403483072916666
0.9415690104166666
0.9371744791666666
0.9401041666666666
0.94189453125
0.9427083333333334
0.9435221354166666
0.9391276041666666
0.9395345052083334
0.9378255208333334
0.9391276041666666
0.9356282552083334
0.9379069010416666
0.9347330729166666
0.9322916666666666
0.9342447916666666
0.939453125
0.939453125
0.9379069010416666
0.9407552083333334
0.9439290364583334
0.93896484375
0.9383951822916666
0.9379069010416666
0.9403483072916666
0.9357096354166666
0.9358723958333334
0.9346516927083334
0.933837890625
0.9361979166666666
0.9379069010416666
0.9364420572916666
0.9400227864583334
0.9373372395833334
0.9397786458333334
0.9403483072916666
0.9364420572916666
0.9352213541666666
0.9375
0.9349772135416666
0.9339192708333334
0.9309895833333334
0.937744140625
0.939697265625
0.93359375
0.9326985677083334
0.935791015625
0.934814453125
0.935791015625
0.9327799479166666
0.931640625
0.9283040364583334
0.935302734375
0.9300130208333334
0.9296061197916666
0.9302571614583334
0.9340006510416666
0.9370930989583334
0.93701171875
0.93017578125
0.9303385416666666
0.9305826822916666
0.9283040364583334
0.9305826822916666
0.93017578125
0.9306640625
0.931884765625
0.931884765625
0.9346516927083334
0.9265950520833334
0.9300944010416666
0.9271647135416666
0.932861328125
0.9312337239583334
0.9280598958333334
0.9281412760416666
0.9335123697916666
0.9295247395833334
0.934326171875
0.9349772135416666
0.9309895833333334
0.9308268229166666
0.9335123697916666
0.9261881510416666
0.9256998697916666
0.9265950520833334
0.9264322916666666
0.92431640625
0.9267578125
0.927978515625
0.928466796875
0.9251302083333334
0.9214680989583334
0.9274088541666666
0.9337565104166666
0.9322916666666666
0.9258626302083334
0.923583984375
0.9271647135416666
0.9283854166666666
0.9239908854166666
0.9300944010416666
0.9263509114583334
0.93017578125
0.923583984375
0.924560546875
0.9276529947916666
0.9269205729166666
0.9259440104166666
0.9267578125
0.9283854166666666
0.930908203125
0.9239908854166666
0.9265950520833334
0.930419921875
0.926513671875
0.9263509114583334
0.9278971354166666
0.9287109375
0.92822265625
0.9265950520833334
0.9325358072916666
0.925048828125
0.9235026041666666
0.923583984375
0.9210611979166666
0.9222819010416666
0.9217936197916666
0.9225260416666666
0.9296875
0.9283854166666666
0.9283854166666666
0.9265950520833334
0.930908203125
0.9226888020833334
0.921630859375
0.9191080729166666
0.9237467447916666
0.9220377604166666
0.91796875
0.9195963541666666
0.9186197916666666
0.9180501302083334
0.9215494791666666
0.9187825520833334
0.917236328125
0.9130045572916666
0.9165852864583334
0.92578125
0.9170735677083334
0.9132486979166666
0.9130045572916666
0.9109700520833334
0.9178873697916666
0.9168294270833334
0.9146321614583334
0.920166015625
0.924072265625
0.9149576822916666
0.9146321614583334
0.9188639322916666
0.9198404947916666
0.9160970052083334
0.9192708333333334
0.9170735677083334
0.9171549479166666
0.9134114583333334
0.915771484375
0.911865234375
0.9132486979166666
0.9146321614583334
0.90771484375
0.9148763020833334
0.9151204427083334
0.9163411458333334
0.9156087239583334
0.9102376302083334
0.9104817708333334
0.9056803385416666
0.9091796875
0.9112141927083334
0.9092610677083334
0.9125162760416666
0.9075520833333334
0.9077962239583334
0.91162109375
0.9091796875
0.906005859375
0.9080403645833334
0.9105631510416666
0.9085286458333334
0.9102376302083334
0.9064127604166666
0.9039713541666666
0.905029296875
0.903564453125
0.9036458333333334
0.9059244791666666
0.901611328125
0.903076171875
0.9027506510416666
0.90576171875
0.90478515625
0.8993326822916666
0.903564453125
0.908203125
0.9000651041666666
0.8981119791666666
0.8990071614583334
0.900634765625
0.9025065104166666
0.89892578125
0.90380859375
0.9014485677083334
0.900146484375
0.9017740885416666
0.9059244791666666
0.8994140625
0.9004720052083334
0.9029134114583334
0.9002278645833334
0.8995768229166666
0.9021809895833334
0.9014485677083334
0.8975423177083334
0.8983561197916666
0.8958333333333334
0.8984375
0.9002278645833334
0.8992513020833334
0.8975423177083334
0.900634765625
0.8993326822916666
0.89892578125
0.8998209635416666
0.8992513020833334
0.890869140625
0.89501953125
0.8972981770833334
0.895751953125
0.8924967447916666
0.89404296875
0.8956705729166666
0.8971354166666666
0.8968912760416666
0.8935546875
0.8932291666666666
0.8849283854166666
0.8744303385416666
0.8795572916666666
0.8866373697916666
0.8780924479166666
0.87890625
0.8739420572916666
0.872314453125
0.8800455729166666
0.8765462239583334
0.874755859375
0.8761393229166666
0.8778483072916666
0.8697102864583334
0.8722330729166666
0.8728841145833334
0.8646647135416666
0.8685709635416666
0.8645833333333334
0.8572591145833334
0.8619791666666666
0.85791015625
0.8623860677083334
0.8539225260416666
0.8538411458333334
0.853515625
0.850830078125
0.8511555989583334
0.8575846354166666
0.8521321614583334
0.8535970052083334
0.8551432291666666
0.8548177083333334
0.8417154947916666
0.8483072916666666
0.8443196614583334
0.838623046875
0.83642578125
0.8458658854166666
0.8433430989583334
0.8402506510416666
0.837890625
0.83544921875
0.838134765625
0.8324381510416666
0.8294270833333334
0.82763671875
0.82958984375
0.822509765625
0.8248697916666666
0.8223470052083334
0.8231608072916666
0.82470703125
0.8172200520833334
0.821533203125
0.8212076822916666
0.8231608072916666
0.823974609375
0.8289388020833334
0.8214518229166666
0.825439453125
0.81982421875
0.826904296875
0.8236490885416666
0.8243001302083334
0.8224283854166666
0.8185221354166666
0.8135579427083334
0.8201497395833334
0.818603515625
0.8153483072916666
0.8050944010416666
0.80712890625
0.8074544270833334
0.81005859375
0.8045247395833334
0.8069661458333334
0.8097330729166666
0.806396484375
0.8063151041666666
0.8076985677083334
0.8040364583333334
0.8094889322916666
0.8097330729166666
0.810546875
0.8043619791666666
0.802978515625
0.8037109375
0.8058268229166666
0.802978515625
0.8020833333333334
0.7997233072916666
0.793701171875
0.7963053385416666
0.7974446614583334
0.7940266927083334
0.7958984375
0.7979329427083334
0.7969563802083334
0.7925618489583334
0.796630859375
0.79638671875
0.7931315104166666
0.7894694010416666
0.7871907552083334
0.7925618489583334
0.7952473958333334
0.7900390625
0.7882486979166666
0.7864583333333334
0.7879231770833334
0.7821451822916666
0.79052734375
0.7945963541666666
0.7766927083333334
0.7823893229166666
0.7877604166666666
0.7819010416666666
0.7770182291666666
0.7774251302083334
0.784912109375
0.772216796875
0.7701009114583334
0.774169921875
0.7725423177083334
0.771484375
0.7681477864583334
0.7696126302083334
0.7601725260416666
0.7661946614583334
0.7569986979166666
0.7587076822916666
0.7589518229166666
0.7574055989583334
0.754638671875
0.7505696614583334
0.7508138020833334
0.747802734375
0.7472330729166666
0.7491048177083334
0.740478515625
0.734619140625
0.73876953125
0.7340494791666666
0.73388671875
0.7290852864583334
0.736083984375
0.7316080729166666
0.730712890625
0.7227376302083334
0.7257486979166666
0.72412109375
0.728759765625
0.7193196614583334
0.7132975260416666
0.7119954427083334
0.715576171875
0.70361328125
0.70654296875
0.7096354166666666
0.6993001302083334
0.6974283854166666
0.6943359375
0.6980794270833334
0.6942545572916666
0.694091796875
0.6922200520833334
0.6863606770833334
0.6893717447916666
0.685546875
0.683349609375
0.6939290364583334
0.6949869791666666
0.6888834635416666
0.6902669270833334
0.6853841145833334
0.6870930989583334
0.6880696614583334
0.6886393229166666
0.6848958333333334
0.6848958333333334
0.6822102864583334
0.6891276041666666
0.683837890625
0.6936848958333334
0.683349609375
0.6890462239583334
0.6885579427083334
0.68310546875
0.6912434895833334
0.6873372395833334
0.6844075520833334
0.681884765625
0.6898600260416666
0.688232421875
0.687255859375
0.6892903645833334
0.6783854166666666
0.6822916666666666
0.6830240885416666
0.6839192708333334
0.6820475260416666
0.682861328125
0.6876627604166666
0.6837565104166666
0.6820475260416666
0.6813151041666666
0.684326171875
0.679443359375
0.6834309895833334
0.6837565104166666
0.679443359375
0.6910807291666666
0.6810709635416666
0.6783040364583334
0.6844075520833334
0.6830240885416666
0.6878255208333334
0.6839192708333334
0.6819661458333334
0.6876627604166666
0.6849772135416666
0.69140625
0.6908365885416666
0.69091796875
0.6824544270833334
0.687255859375
0.68505859375
0.6835123697916666
0.684326171875
0.6795247395833334
0.6803385416666666
0.673583984375
0.6796061197916666
0.6751302083333334
0.685302734375
0.6826985677083334
0.6805013020833334
0.6859537760416666
0.6778157552083334
0.6814778645833334
0.6787109375
0.6817220052083334
0.677978515625
0.6805826822916666
0.6715494791666666
0.6870930989583334
0.6763509114583334
