0.68974609375
0.71328125
0.7205078125
0.72099609375
0.7302734375
0.72216796875
0.726953125
0.72548828125
0.7251953125
0.71982421875
0.7291015625
0.730859375
0.7298828125
0.7197265625
0.7212890625
0.72685546875
0.71953125
0.721875
0.7271484375
0.72861328125
0.73955078125
0.72607421875
0.73330078125
0.7384765625
0.73525390625
0.73408203125
0.724609375
0.7255859375
0.7283203125
0.73115234375
0.73125
0.72255859375
0.72783203125
0.7220703125
0.72734375
0.7267578125
0.72861328125
0.7244140625
0.72470703125
0.73251953125
0.73076171875
0.72783203125
0.73447265625
0.73544921875
0.73681640625
0.7330078125
0.7302734375
0.72978515625
0.72744140625
0.733984375
0.7302734375
0.73046875
0.73798828125
0.73427734375
0.73427734375
0.73642578125
0.7359375
0.72802734375
0.72470703125
0.72783203125
0.7296875
0.72998046875
0.7345703125
0.73193359375
0.73330078125
0.73359375
0.73603515625
0.7361328125
0.73623046875
0.73173828125
0.73134765625
0.7361328125
0.72919921875
0.73427734375
0.73056640625
0.73505859375
0.73466796875
0.7388671875
0.73427734375
0.73447265625
0.73623046875
0.7349609375
0.73701171875
0.739453125
0.73623046875
0.7326171875
0.73330078125
0.741796875
0.7369140625
0.73359375
0.73154296875
0.73623046875
0.72880859375
0.73525390625
0.73056640625
0.73310546875
0.736328125
0.740234375
0.73515625
0.726953125
0.7314453125
0.732421875
0.733984375
0.7376953125
0.74541015625
0.74375
0.74150390625
0.73720703125
0.7384765625
0.7357421875
0.73564453125
0.74169921875
0.737109375
0.74375
0.73857421875
0.74638671875
0.7388671875
0.73466796875
0.73359375
0.7390625
0.7353515625
0.73681640625
0.74072265625
0.737109375
0.73681640625
0.73994140625
0.74189453125
0.741796875
0.7330078125
0.73642578125
0.738671875
0.7361328125
0.7384765625
0.7373046875
0.7328125
0.7357421875
0.7359375
0.7359375
0.74267578125
0.73564453125
0.732421875
0.73662109375
0.73583984375
0.7390625
0.7416015625
0.74609375
0.74599609375
0.741015625
0.7412109375
0.73662109375
0.74140625
0.74501953125
0.744921875
0.744921875
0.7478515625
0.74736328125
0.75947265625
0.75498046875
0.7453125
0.74697265625
0.744140625
0.742578125
0.7443359375
0.741015625
0.74892578125
0.74482421875
0.7494140625
0.74375
0.74833984375
0.74873046875
0.74970703125
0.746484375
0.74091796875
0.746875
0.74990234375
0.7478515625
0.74130859375
0.7451171875
0.74755859375
0.7466796875
0.7490234375
0.748046875
0.746875
0.7505859375
0.74111328125
0.74287109375
0.74306640625
0.74638671875
0.74677734375
0.74560546875
0.75048828125
0.744921875
0.7466796875
0.7521484375
0.75302734375
0.74912109375
0.74541015625
0.747265625
0.74775390625
0.74560546875
0.74326171875
0.741796875
0.74052734375
0.7388671875
0.75439453125
0.75
0.74599609375
0.74912109375
0.75
0.74921875
0.74755859375
0.7421875
0.74794921875
0.7431640625
0.74365234375
0.752734375
0.7490234375
0.7525390625
0.75537109375
0.7513671875
0.75146484375
0.7578125
0.762109375
0.74892578125
0.75205078125
0.74423828125
0.75205078125
0.7541015625
0.7521484375
0.75283203125
0.752734375
0.7548828125
0.75751953125
0.755078125
0.751171875
0.75537109375
0.75263671875
0.7515625
0.7482421875
0.74873046875
0.74736328125
0.75869140625
0.75732421875
0.76279296875
0.75869140625
0.75673828125
0.7587890625
0.757421875
0.760546875
0.75595703125
0.75712890625
0.7556640625
0.75478515625
0.75654296875
0.7560546875
0.75576171875
0.759765625
0.76162109375
0.7611328125
0.7662109375
0.76083984375
0.7548828125
0.75380859375
0.7521484375
0.75400390625
0.76123046875
0.76142578125
0.76318359375
0.76220703125
0.76142578125
0.7560546875
0.75576171875
0.75751953125
0.763671875
0.76357421875
0.76337890625
0.760546875
0.75849609375
0.76025390625
0.75673828125
0.757421875
0.76044921875
0.7587890625
0.76572265625
0.7630859375
0.76015625
0.76640625
0.76513671875
0.76123046875
0.76279296875
0.7626953125
0.77060546875
0.7697265625
0.76298828125
0.76533203125
0.75888671875
0.75869140625
0.76708984375
0.7712890625
0.7595703125
0.76357421875
0.76708984375
0.76923828125
0.76962890625
0.7701171875
0.76240234375
0.76201171875
0.7626953125
0.7677734375
0.765625
0.76435546875
0.7654296875
0.76552734375
0.75751953125
0.7625
0.7603515625
0.7654296875
0.76630859375
0.76376953125
0.76396484375
0.7669921875
0.771484375
0.76923828125
0.76689453125
0.7671875
0.76494140625
0.7666015625
0.76533203125
0.766015625
0.7693359375
0.76875
0.770703125
0.7673828125
0.7685546875
0.76884765625
0.7763671875
0.77529296875
0.77861328125
0.776953125
0.76689453125
0.77021484375
0.7708984375
0.77255859375
0.77197265625
0.76630859375
0.77236328125
0.7703125
0.76923828125
0.76923828125
0.76953125
0.7689453125
0.7673828125
0.77109375
0.773828125
0.7744140625
0.77080078125
0.773828125
0.76953125
0.77197265625
0.7755859375
0.77431640625
0.7759765625
0.77265625
0.76728515625
0.76630859375
0.76279296875
0.76689453125
0.77080078125
0.771484375
0.7693359375
0.77978515625
0.7798828125
0.77158203125
0.77080078125
0.77978515625
0.77802734375
0.77412109375
0.775
0.7775390625
0.781640625
0.7767578125
0.78125
0.77646484375
0.7779296875
0.77451171875
0.771484375
0.77099609375
0.773046875
0.77568359375
0.7744140625
0.77197265625
0.773828125
0.7728515625
0.77451171875
0.77265625
0.775390625
0.77734375
0.77978515625
0.7791015625
0.773828125
0.78017578125
0.779296875
0.77177734375
0.7708984375
0.77236328125
0.770703125
0.7751953125
0.77607421875
0.77666015625
0.77666015625
0.7830078125
0.7841796875
0.77939453125
0.780078125
0.776171875
0.7740234375
0.77578125
0.77880859375
0.78232421875
0.7798828125
0.77353515625
0.772265625
0.77431640625
0.77314453125
0.7759765625
0.77607421875
0.77939453125
0.78125
0.78291015625
0.78603515625
0.77744140625
0.77841796875
0.7771484375
0.7771484375
0.78388671875
0.77939453125
0.7818359375
0.7814453125
0.783203125
0.78203125
0.78095703125
0.77275390625
0.776953125
0.77421875
0.777734375
0.78603515625
0.781640625
0.78232421875
0.77919921875
0.78212890625
0.7828125
0.78125
0.78251953125
0.78583984375
0.78251953125
0.78349609375
0.78974609375
0.7861328125
0.78671875
0.78671875
0.788671875
0.78857421875
0.7861328125
0.78701171875
0.78818359375
0.79384765625
0.790234375
0.79052734375
0.79013671875
0.79130859375
0.794140625
0.798046875
0.7966796875
0.796484375
0.7978515625
0.79599609375
0.79404296875
0.79111328125
0.7904296875
0.791796875
0.79326171875
0.7900390625
0.79033203125
0.78916015625
0.7900390625
0.7916015625
0.7943359375
0.79619140625
0.7916015625
0.7966796875
0.796875
0.79501953125
0.79326171875
0.794921875
0.7939453125
0.794921875
0.79208984375
0.789453125
0.7916015625
0.79677734375
0.796484375
0.80068359375
0.80234375
0.8005859375
0.79736328125
0.79501953125
0.79140625
0.7904296875
0.79462890625
0.7953125
0.79208984375
0.79150390625
0.7935546875
0.79814453125
0.79755859375
0.7986328125
0.80498046875
0.80322265625
0.79853515625
0.796484375
0.799609375
0.7927734375
0.79345703125
0.79580078125
0.79970703125
0.8025390625
0.80439453125
0.80693359375
0.81123046875
0.80947265625
0.80517578125
0.80302734375
0.80517578125
0.8072265625
0.80546875
0.80703125
0.805078125
0.80546875
0.80908203125
0.8046875
0.8083984375
0.80625
0.8056640625
0.80615234375
0.80673828125
0.8080078125
0.80517578125
0.80146484375
0.80234375
0.80419921875
0.80859375
0.80615234375
0.8080078125
0.81005859375
0.81474609375
0.80693359375
0.8087890625
0.80791015625
0.80654296875
0.81005859375
0.80517578125
0.79853515625
0.80087890625
0.80029296875
0.799609375
0.8037109375
0.80517578125
0.81005859375
0.8072265625
0.808203125
0.8072265625
0.8095703125
0.808203125
0.809375
0.81044921875
0.8107421875
0.812109375
0.8080078125
0.807421875
0.80732421875
0.80498046875
0.805078125
0.8109375
0.81103515625
0.812890625
0.81455078125
0.8138671875
0.81064453125
0.80751953125
0.80498046875
0.8087890625
0.81201171875
0.81201171875
0.8109375
0.811328125
0.81416015625
0.81494140625
0.8173828125
0.81494140625
0.814453125
0.81572265625
0.813671875
0.81904296875
0.81533203125
0.8146484375
0.81689453125
0.8150390625
0.81259765625
0.80966796875
0.8087890625
0.8130859375
0.8123046875
0.81494140625
0.81533203125
0.81416015625
0.8125
0.8158203125
0.81806640625
0.82001953125
0.81962890625
0.81669921875
0.815234375
0.8162109375
0.81875
0.8203125
0.82216796875
0.82353515625
0.82275390625
0.81923828125
0.815234375
0.8130859375
0.81572265625
0.81298828125
0.8181640625
0.81953125
0.82119140625
0.81865234375
0.817578125
0.81953125
0.81806640625
0.82080078125
0.82021484375
0.821484375
0.8201171875
0.82080078125
0.8232421875
0.823046875
0.8248046875
0.82392578125
0.826953125
0.8298828125
0.8294921875
0.8259765625
0.82666015625
0.82685546875
0.82568359375
0.825
0.828515625
0.8271484375
0.82451171875
0.8216796875
0.82333984375
0.82451171875
0.8232421875
0.8212890625
0.8201171875
0.825390625
0.82841796875
0.83212890625
0.830859375
0.83369140625
0.83525390625
0.8341796875
0.83291015625
0.83134765625
0.8326171875
0.8296875
0.82802734375
0.827734375
0.83056640625
0.82763671875
0.82958984375
0.82666015625
0.82802734375
0.83076171875
0.83330078125
0.83486328125
0.83544921875
0.83369140625
0.837890625
0.8384765625
0.83466796875
0.836328125
0.83544921875
0.83837890625
0.83779296875
0.8369140625
0.83251953125
0.83203125
0.83369140625
0.83134765625
0.83193359375
0.8357421875
0.83447265625
0.834375
0.83349609375
0.8376953125
0.83779296875
0.83720703125
0.83857421875
0.8365234375
0.83798828125
0.8388671875
0.83720703125
0.83955078125
0.83955078125
0.8408203125
0.843359375
0.84541015625
0.84658203125
0.8484375
0.846484375
0.84716796875
0.8482421875
0.84521484375
0.8470703125
0.84765625
0.84853515625
0.8482421875
0.8484375
0.84619140625
0.84970703125
0.8501953125
0.8501953125
0.85458984375
0.8556640625
0.85322265625
0.85419921875
0.85634765625
0.8568359375
0.8546875
0.8541015625
0.85615234375
0.8537109375
0.85498046875
0.85634765625
0.8568359375
0.85859375
0.8552734375
0.85576171875
0.85712890625
0.855078125
0.8572265625
0.859765625
0.85888671875
0.86025390625
0.86220703125
0.862109375
0.86220703125
0.86142578125
0.86220703125
0.8609375
0.8623046875
0.86240234375
0.86103515625
0.85947265625
0.86025390625
0.8583984375
0.8583984375
0.8583984375
0.8611328125
0.86142578125
0.86123046875
0.8619140625
0.86162109375
0.86103515625
0.8619140625
0.86328125
0.86162109375
0.86259765625
0.86435546875
0.86318359375
0.863671875
0.862109375
0.8630859375
0.862890625
0.86474609375
0.864453125
0.86630859375
0.867578125
0.8671875
0.86982421875
0.87060546875
0.87109375
0.87119140625
0.871484375
0.87216796875
0.8744140625
0.87265625
0.87353515625
0.87236328125
0.87294921875
0.875390625
0.8751953125
0.87783203125
0.87802734375
0.87607421875
0.877734375
0.87890625
0.87646484375
0.87763671875
0.87607421875
0.8755859375
0.8779296875
0.87705078125
0.8751953125
0.8775390625
0.880078125
0.88203125
0.88125
0.88173828125
0.8814453125
0.87958984375
0.8822265625
0.88076171875
0.88125
0.88408203125
0.883203125
0.88291015625
0.88203125
0.88271484375
0.88330078125
0.88212890625
0.8841796875
0.8830078125
0.8837890625
0.88515625
0.88525390625
0.88388671875
0.8828125
0.88359375
0.883203125
0.8837890625
0.8857421875
0.8869140625
0.88671875
0.88759765625
0.8876953125
0.88701171875
0.887109375
0.88876953125
0.88984375
0.89033203125
0.89072265625
0.89111328125
0.89140625
0.89033203125
0.8916015625
0.89228515625
0.89189453125
0.89189453125
0.89306640625
0.89169921875
0.891796875
0.8919921875
0.8939453125
0.89404296875
0.896484375
0.89814453125
0.898828125
0.89755859375
0.89921875
0.90068359375
0.89775390625
0.8994140625
0.9015625
0.90126953125
0.9029296875
0.90244140625
0.9015625
0.9021484375
0.901953125
0.9005859375
0.89970703125
0.90224609375
0.90146484375
0.9021484375
0.90322265625
0.90126953125
0.9013671875
0.9
0.9017578125
0.902734375
0.90205078125
0.901171875
0.9025390625
0.90185546875
0.9013671875
0.901953125
0.90263671875
0.90341796875
0.9033203125
0.9037109375
0.90400390625
0.9044921875
0.905859375
0.90380859375
0.9017578125
0.9033203125
0.90263671875
0.90341796875
0.9021484375
0.903125
0.90478515625
0.905859375
0.905859375
0.90478515625
0.90380859375
0.90380859375
0.90556640625
0.90576171875
0.90576171875
0.90546875
0.90498046875
0.9060546875
0.90703125
0.90712890625
0.908203125
0.90986328125
0.909765625
0.90869140625
0.90859375
0.90849609375
0.90810546875
0.90732421875
0.90849609375
0.90849609375
0.9083984375
0.90927734375
0.90830078125
0.90947265625
0.909765625
0.9109375
0.91162109375
0.9115234375
0.91103515625
0.9095703125
0.9095703125
0.91044921875
0.91083984375
0.9109375
0.91220703125
0.9126953125
0.91357421875
0.91376953125
0.9138671875
0.912890625
0.91357421875
0.91416015625
0.91396484375
0.91328125
0.91455078125
0.91416015625
0.912890625
0.9130859375
0.91240234375
0.91240234375
0.91376953125
0.9146484375
0.91396484375
0.9142578125
0.912890625
0.9119140625
0.91337890625
0.914453125
0.914453125
0.91572265625
0.91630859375
0.91611328125
0.9150390625
0.91533203125
0.91611328125
0.91640625
0.9166015625
0.9162109375
0.91640625
0.9173828125
0.9177734375
0.91767578125
0.917578125
0.9169921875
0.9173828125
0.91787109375
0.9197265625
0.9201171875
0.9205078125
0.92080078125
0.9212890625
0.92109375
0.92109375
0.9220703125
