0.9220703125
0.92314453125
0.92216796875
0.9234375
0.92255859375
0.922265625
0.922265625
0.9228515625
0.92255859375
0.92265625
0.92177734375
0.92197265625
0.9228515625
0.92236328125
0.9220703125
0.92177734375
0.92060546875
0.9208984375
0.9216796875
0.921875
0.9216796875
0.92197265625
0.922265625
0.92255859375
0.92177734375
0.923046875
0.92216796875
0.92373046875
0.9234375
0.92470703125
0.92451171875
0.92412109375
0.923828125
0.9248046875
0.92490234375
0.925
0.92333984375
0.92392578125
0.9244140625
0.925
0.92529296875
0.9244140625
0.92451171875
0.9236328125
0.9232421875
0.922265625
0.92353515625
0.9236328125
0.92314453125
0.92275390625
0.923828125
0.92255859375
0.923828125
0.92353515625
0.9228515625
0.92333984375
0.9228515625
0.9228515625
0.92177734375
0.92236328125
0.92119140625
0.92060546875
0.9212890625
0.9193359375
0.9189453125
0.91875
0.92041015625
0.91943359375
0.91845703125
0.91787109375
0.91875
0.92001953125
0.92001953125
0.92197265625
0.9220703125
0.9212890625
0.9220703125
0.92197265625
0.9216796875
0.92158203125
0.9220703125
0.92265625
0.9216796875
0.920703125
0.920703125
0.92099609375
0.92080078125
0.920703125
0.9216796875
0.923046875
0.92373046875
0.92451171875
0.92314453125
0.92294921875
0.92158203125
0.9216796875
0.921875
0.9203125
0.91962890625
0.91748046875
0.918359375
0.9169921875
0.91689453125
0.91796875
0.919140625
0.91826171875
0.918359375
0.9189453125
0.92060546875
0.9197265625
0.9193359375
0.91943359375
0.919140625
0.91904296875
0.916796875
0.9169921875
0.91767578125
0.91767578125
0.91708984375
0.91591796875
0.91787109375
0.916796875
0.915234375
0.91572265625
0.91708984375
0.91748046875
0.9169921875
0.9173828125
0.91728515625
0.91728515625
0.9177734375
0.91728515625
0.9171875
0.9177734375
0.91875
0.91953125
0.9208984375
0.9208984375
0.9193359375
0.92099609375
0.92041015625
0.9193359375
0.919140625
0.9185546875
0.91904296875
0.9185546875
0.91767578125
0.9177734375
0.91650390625
0.91630859375
0.91728515625
0.918359375
0.91689453125
0.9173828125
0.91728515625
0.91787109375
0.9193359375
0.91767578125
0.91806640625
0.9197265625
0.91943359375
0.9181640625
0.91748046875
0.9185546875
0.918359375
0.91640625
0.9166015625
0.91572265625
0.9150390625
0.9173828125
0.915234375
0.9142578125
0.91357421875
0.91396484375
0.912109375
0.91298828125
0.9119140625
0.9123046875
0.91220703125
0.9103515625
0.9123046875
0.91142578125
0.91171875
0.9095703125
0.90947265625
0.90986328125
0.91025390625
0.91103515625
0.91240234375
0.91142578125
0.9109375
0.91044921875
0.9103515625
0.9099609375
0.90966796875
0.90986328125
0.9099609375
0.91123046875
0.911328125
0.91259765625
0.9134765625
0.9150390625
0.91416015625
0.91484375
0.9111328125
0.9138671875
0.91298828125
0.91220703125
0.913671875
0.91455078125
0.9123046875
0.9125
0.91123046875
0.91162109375
0.91298828125
0.91328125
0.9142578125
0.91162109375
0.909375
0.90791015625
0.90576171875
0.90693359375
0.90703125
0.90703125
0.90732421875
0.9072265625
0.9060546875
0.90556640625
0.9046875
0.90341796875
0.9037109375
0.90400390625
0.90361328125
0.90419921875
0.90458984375
0.90283203125
0.9037109375
0.9037109375
0.904296875
0.9044921875
0.90517578125
0.9052734375
0.90712890625
0.9078125
0.908203125
0.907421875
0.90703125
0.90625
0.90732421875
0.90615234375
0.9052734375
0.9064453125
0.9037109375
0.9029296875
0.90322265625
0.9056640625
0.9033203125
0.90341796875
0.9041015625
0.90576171875
0.905078125
0.90576171875
0.90546875
0.9046875
0.90263671875
0.90263671875
0.9015625
0.903125
0.903515625
0.90244140625
0.90048828125
0.90087890625
0.89931640625
0.8998046875
0.89755859375
0.8986328125
0.89873046875
0.898046875
0.89892578125
0.89853515625
0.89609375
0.897265625
0.89638671875
0.89677734375
0.89599609375
0.895703125
0.89541015625
0.89404296875
0.8921875
0.8921875
0.89140625
0.89033203125
0.8921875
0.89248046875
0.8916015625
0.89072265625
0.8880859375
0.88662109375
0.8869140625
0.88759765625
0.8873046875
0.88623046875
0.88828125
0.88720703125
0.88720703125
0.891015625
0.89013671875
0.88701171875
0.88564453125
0.88828125
0.88837890625
0.8861328125
0.884765625
0.8830078125
0.883984375
0.88486328125
0.884765625
0.88310546875
0.88310546875
0.882421875
0.87939453125
0.8751953125
0.8724609375
0.87109375
0.87119140625
0.87080078125
0.87255859375
0.8693359375
0.87041015625
0.8740234375
0.8705078125
0.87236328125
0.87021484375
0.86787109375
0.87041015625
0.8705078125
0.87021484375
0.86982421875
0.871875
0.87119140625
0.86748046875
0.8697265625
0.86826171875
0.86826171875
0.86845703125
0.8671875
0.86513671875
0.865625
0.862890625
0.85947265625
0.85771484375
0.859375
0.8603515625
0.86298828125
0.86396484375
0.8642578125
0.85986328125
0.861328125
0.855859375
0.8576171875
0.85947265625
0.86025390625
0.85869140625
0.8552734375
0.851953125
0.84873046875
0.84833984375
0.84580078125
0.84189453125
0.83857421875
0.83935546875
0.8412109375
0.8390625
0.83642578125
0.83857421875
0.837890625
0.8359375
0.83603515625
0.83544921875
0.8357421875
0.834765625
0.83466796875
0.83505859375
0.8333984375
0.834375
0.8365234375
0.8365234375
0.83623046875
0.8345703125
0.83681640625
0.83701171875
0.83671875
0.83515625
0.8333984375
0.8333984375
0.83212890625
0.83193359375
0.83427734375
0.83544921875
0.83359375
0.83564453125
0.83623046875
0.838671875
0.833984375
0.83203125
0.8328125
0.83310546875
0.83447265625
0.8326171875
0.83154296875
0.8265625
0.826171875
0.8263671875
0.82978515625
0.8296875
0.8283203125
0.822265625
0.82041015625
0.81923828125
0.8162109375
0.815234375
0.81416015625
0.8154296875
0.815234375
0.819140625
0.8166015625
0.81845703125
0.81591796875
0.81728515625
0.81767578125
0.82177734375
0.81806640625
0.81640625
0.81123046875
0.8109375
0.81328125
0.81279296875
0.810546875
0.8111328125
0.8060546875
0.8080078125
0.80810546875
0.8107421875
0.8056640625
0.8033203125
0.8001953125
0.80185546875
0.8015625
0.80166015625
0.79921875
0.796484375
0.79765625
0.79990234375
0.79931640625
0.80498046875
0.80498046875
0.80478515625
0.80673828125
0.80615234375
0.8060546875
0.80966796875
0.80869140625
0.80791015625
0.80615234375
0.80869140625
0.8076171875
0.80869140625
0.809375
0.8064453125
0.81015625
0.80517578125
0.8029296875
0.8052734375
0.8048828125
0.80595703125
0.80546875
0.806640625
0.8001953125
0.7974609375
0.7962890625
0.79404296875
0.79619140625
0.79912109375
0.79755859375
0.79931640625
0.7931640625
0.7943359375
0.79716796875
0.79677734375
0.794140625
0.79248046875
0.79453125
0.793359375
0.78984375
0.79228515625
0.79951171875
0.80302734375
0.8
0.79912109375
0.79560546875
0.7986328125
0.79140625
0.79150390625
0.79306640625
0.7919921875
0.79306640625
0.79306640625
0.7884765625
0.7888671875
0.789453125
0.788671875
0.7876953125
0.78798828125
0.792578125
0.7904296875
0.79111328125
0.79306640625
0.79658203125
0.79658203125
0.8009765625
0.79775390625
0.7994140625
0.797265625
0.792578125
0.79208984375
0.79091796875
0.78818359375
0.7923828125
0.788671875
0.791015625
0.7916015625
0.7923828125
0.79326171875
0.79521484375
0.7943359375
0.79130859375
0.79013671875
0.78681640625
0.78857421875
0.785546875
0.78193359375
0.7826171875
0.782421875
0.78046875
0.78388671875
0.7837890625
0.78486328125
0.78642578125
0.78857421875
0.78720703125
0.79033203125
0.790625
0.7892578125
0.78447265625
0.78798828125
0.79404296875
0.79443359375
0.79248046875
0.7880859375
0.79091796875
0.78134765625
0.78125
0.7896484375
0.78779296875
0.7880859375
0.788671875
0.79013671875
0.79013671875
0.790625
0.7865234375
0.7837890625
0.78515625
0.78203125
0.776171875
0.7771484375
0.77880859375
0.776171875
0.77841796875
0.77900390625
0.78515625
0.7876953125
0.79033203125
0.78896484375
0.787890625
0.78408203125
0.78564453125
0.7841796875
0.78203125
0.78408203125
0.78583984375
0.78359375
0.784375
0.7826171875
0.78076171875
0.787109375
0.786328125
0.78779296875
0.79140625
0.78740234375
0.78544921875
0.78583984375
0.7818359375
0.7796875
0.77900390625
0.7806640625
0.776171875
0.778515625
0.77958984375
0.77626953125
0.77373046875
0.7759765625
0.7796875
0.77705078125
0.77421875
0.77255859375
0.7755859375
0.77080078125
0.7662109375
0.7671875
0.76923828125
0.77275390625
0.7724609375
0.7767578125
0.7802734375
0.78291015625
0.777734375
0.7744140625
0.77861328125
0.77548828125
0.76904296875
0.7724609375
0.7724609375
0.76884765625
0.76142578125
0.76669921875
0.77109375
0.7703125
0.774609375
0.76884765625
0.76533203125
0.76591796875
0.7732421875
0.7744140625
0.769140625
0.773046875
0.776953125
0.77890625
0.77197265625
0.77255859375
0.77373046875
0.77626953125
0.7712890625
0.7681640625
0.770703125
0.76767578125
0.77265625
0.7712890625
0.77783203125
0.7740234375
0.7744140625
0.767578125
0.76044921875
0.76396484375
0.766015625
0.77294921875
0.76865234375
0.773828125
0.76962890625
0.7716796875
0.77333984375
0.7673828125
0.77109375
0.773046875
0.77236328125
0.7681640625
0.7662109375
0.76015625
0.76787109375
0.76640625
0.76416015625
0.7666015625
0.766015625
0.7623046875
0.7607421875
0.76650390625
0.758203125
0.7595703125
0.762890625
0.7662109375
0.7654296875
0.76396484375
0.76328125
0.7619140625
0.76748046875
0.76240234375
0.763671875
0.758984375
0.75732421875
0.757421875
0.76201171875
0.76201171875
0.7654296875
0.76328125
0.75615234375
0.75595703125
0.76015625
0.7611328125
0.76796875
0.7609375
0.7611328125
0.76142578125
0.76669921875
0.76728515625
0.76533203125
0.76259765625
0.7689453125
0.76982421875
0.770703125
0.7595703125
0.76884765625
0.77392578125
0.7681640625
0.7646484375
0.76162109375
0.76181640625
0.75322265625
0.7548828125
0.7623046875
0.76123046875
0.759765625
0.7642578125
0.7591796875
0.75771484375
0.75673828125
0.75078125
0.75537109375
0.75390625
0.75556640625
0.7521484375
0.75830078125
0.75537109375
0.7646484375
0.75283203125
0.751953125
0.7650390625
0.75693359375
0.75361328125
0.7587890625
0.7615234375
0.7583984375
0.7544921875
0.75927734375
0.7591796875
0.75693359375
0.75595703125
0.75947265625
0.762890625
0.75849609375
0.75693359375
0.7548828125
0.7587890625
0.756640625
0.7529296875
0.75546875
0.75986328125
0.7595703125
0.7595703125
0.75791015625
0.75205078125
0.7515625
0.76005859375
0.756640625
0.75478515625
0.75341796875
0.75419921875
0.749609375
0.743359375
0.7525390625
0.7513671875
0.75419921875
0.75634765625
0.75546875
0.7486328125
0.74970703125
0.7537109375
0.75322265625
0.7505859375
0.7486328125
0.7552734375
0.7458984375
0.75517578125
0.75849609375
0.757421875
0.75517578125
0.754296875
0.748828125
0.75185546875
0.7501953125
0.7466796875
0.75146484375
0.745703125
0.7498046875
0.74755859375
0.7490234375
0.7478515625
0.744921875
0.74384765625
0.74775390625
0.7517578125
0.75439453125
0.75
0.75009765625
0.74169921875
0.7552734375
0.748046875
0.75166015625
0.7533203125
0.74931640625
0.74951171875
0.75361328125
0.75361328125
0.74775390625
0.75400390625
0.74697265625
0.74619140625
0.7509765625
0.75146484375
0.75224609375
0.7544921875
0.75126953125
0.7478515625
0.7470703125
0.7478515625
0.74970703125
0.7427734375
0.7462890625
0.74814453125
0.74091796875
0.74716796875
0.74521484375
0.7427734375
0.74736328125
0.74765625
0.749609375
0.74658203125
0.7421875
0.7384765625
0.74287109375
0.7451171875
0.74130859375
0.74091796875
0.74853515625
0.7478515625
0.73935546875
0.741015625
0.74375
0.74306640625
0.74140625
0.7458984375
0.73916015625
0.73603515625
0.73642578125
0.7396484375
0.74228515625
0.744140625
0.74501953125
0.73671875
0.73515625
0.7408203125
0.7333984375
0.736328125
0.73759765625
0.73515625
0.73388671875
0.7314453125
0.73203125
0.74150390625
0.74091796875
0.736328125
0.7416015625
0.74287109375
0.73837890625
0.74306640625
0.73291015625
0.74130859375
0.737890625
0.73701171875
0.7322265625
0.7388671875
0.7373046875
0.7375
0.74326171875
0.73984375
0.736328125
0.73486328125
0.737890625
0.72880859375
0.7380859375
0.74287109375
0.73779296875
0.732421875
0.730078125
0.7373046875
0.73876953125
0.7388671875
0.738671875
0.738671875
0.73564453125
0.74306640625
0.7466796875
0.74013671875
0.736328125
0.7287109375
0.7349609375
0.737890625
0.73154296875
0.73193359375
0.732421875
0.72802734375
0.72919921875
0.733203125
0.72900390625
0.73701171875
0.73662109375
0.7380859375
0.7373046875
0.73984375
0.73115234375
0.74072265625
0.7345703125
0.73583984375
0.73662109375
0.73798828125
0.73125
0.7369140625
0.7240234375
0.73291015625
0.738671875
0.73173828125
0.73310546875
0.73408203125
0.72841796875
0.73203125
0.72275390625
0.72470703125
0.72861328125
0.7326171875
0.7302734375
0.73134765625
0.737109375
0.73359375
0.73466796875
0.7322265625
0.728125
0.7298828125
0.72705078125
0.726953125
0.726953125
0.73017578125
0.73154296875
0.7244140625
0.72900390625
0.73173828125
0.7287109375
0.72470703125
0.730859375
0.733203125
0.73505859375
0.7271484375
0.731640625
0.733203125
0.73779296875
0.73251953125
0.7283203125
0.7330078125
0.7345703125
0.735546875
0.7265625
0.72412109375
0.721875
0.72861328125
0.72529296875
0.7392578125
0.72724609375
0.73828125
0.7333984375
0.730859375
0.73076171875
0.72666015625
0.71689453125
0.72060546875
0.72421875
0.726171875
0.73603515625
0.7365234375
0.72587890625
0.72685546875
0.7236328125
0.720703125
0.73291015625
0.72265625
