0.6779597355769231
0.6805889423076923
0.6775090144230769
0.6770582932692307
0.6748798076923077
0.6766075721153846
0.6758563701923077
0.6775841346153846
0.6713491586538461
0.6791616586538461
0.6798377403846154
0.6794621394230769
0.6773587740384616
0.6844951923076923
0.6819411057692307
0.6832181490384616
0.6827674278846154
0.6793118990384616
0.6787860576923077
0.6832932692307693
0.6810396634615384
0.6838942307692307
0.6812650240384616
0.6858473557692307
0.6886268028846154
0.6917067307692307
0.6854717548076923
0.6876502403846154
0.6858473557692307
0.6924579326923077
0.6876502403846154
0.6917067307692307
0.6878756009615384
0.6878756009615384
0.6878004807692307
0.6941105769230769
0.6940354567307693
0.6918569711538461
0.6915564903846154
0.6903545673076923
0.6935847355769231
0.6884014423076923
0.6888521634615384
0.6888521634615384
0.6904296875
0.6893028846153846
0.6862229567307693
0.6868990384615384
0.6881009615384616
0.6879507211538461
0.6898287259615384
0.6871995192307693
0.6896784855769231
0.6915564903846154
0.6926081730769231
0.6888521634615384
0.6900540865384616
0.6935847355769231
0.6893780048076923
0.6925330528846154
0.6912560096153846
0.6878756009615384
0.6903545673076923
0.6909555288461539
0.6890775240384616
0.6917818509615384
0.6858473557692307
0.6902794471153846
0.6930588942307693
0.6881009615384616
0.6898287259615384
0.6856971153846154
0.6857722355769231
0.6852463942307693
0.6865985576923077
0.6865985576923077
0.6898287259615384
0.6850210336538461
0.6878756009615384
0.6887770432692307
0.6847956730769231
0.6853215144230769
0.6865234375
0.6821664663461539
0.6862980769230769
0.6900540865384616
0.6909555288461539
0.6944110576923077
0.6952373798076923
0.6886268028846154
0.6880258413461539
0.6922325721153846
0.6904296875
0.6938852163461539
0.6921574519230769
0.6926832932692307
0.6903545673076923
0.6865985576923077
0.6856219951923077
0.6887770432692307
0.6841195913461539
0.6905799278846154
0.6885516826923077
0.6896784855769231
0.6898287259615384
0.6905048076923077
0.6910306490384616
0.6908052884615384
0.6908804086538461
0.6905048076923077
0.6908052884615384
0.6898287259615384
0.6821664663461539
0.6791616586538461
0.6830679086538461
0.6905048076923077
0.6887770432692307
0.6882512019230769
0.6887019230769231
0.6867487980769231
0.6889272836538461
0.6915564903846154
0.6942608173076923
0.6927584134615384
0.689453125
0.6886268028846154
0.6907301682692307
0.6877253605769231
0.6892277644230769
0.6895282451923077
0.6916316105769231
0.6926832932692307
0.6872746394230769
0.6859224759615384
0.6907301682692307
0.6917067307692307
0.6926081730769231
0.6893028846153846
0.6878756009615384
0.6878756009615384
0.6903545673076923
0.6930588942307693
0.6951622596153846
0.6917818509615384
0.7025240384615384
0.6979417067307693
0.6946364182692307
0.6938852163461539
0.6890024038461539
0.6950120192307693
0.6934344951923077
0.6945612980769231
0.6944110576923077
0.6913311298076923
0.689453125
0.6918569711538461
0.6944110576923077
0.6928335336538461
0.6942608173076923
0.6906550480769231
0.6896033653846154
0.6899789663461539
0.6853215144230769
0.6872746394230769
0.6893780048076923
0.6868239182692307
0.6911057692307693
0.6911057692307693
0.6887770432692307
0.6923076923076923
0.6927584134615384
0.6895282451923077
0.6843449519230769
0.6890775240384616
0.6890024038461539
0.6866736778846154
0.6899789663461539
0.6889272836538461
0.6890024038461539
0.6875
0.6938100961538461
0.6920823317307693
0.6918569711538461
0.6959134615384616
0.6939603365384616
0.6931340144230769
0.6920823317307693
0.6928335336538461
0.6926832932692307
0.6917818509615384
0.6927584134615384
0.6881009615384616
0.6870492788461539
0.6880258413461539
0.6866736778846154
0.6902043269230769
0.6917818509615384
0.6958383413461539
0.6963641826923077
0.6953876201923077
0.6932842548076923
0.6924579326923077
0.6934344951923077
0.6950120192307693
0.6896033653846154
0.6938852163461539
0.6879507211538461
0.6897536057692307
0.6856971153846154
0.6850210336538461
0.68359375
0.6871243990384616
0.6910306490384616
0.6920823317307693
0.6956129807692307
0.6946364182692307
0.6924579326923077
0.6969651442307693
0.6977163461538461
0.6944861778846154
0.6888521634615384
0.6898287259615384
0.6908804086538461
0.6865234375
0.6886268028846154
0.6873497596153846
0.6875
0.6856971153846154
0.68359375
0.6881760817307693
0.6852463942307693
0.6842698317307693
0.6896033653846154
0.6871243990384616
0.6949368990384616
0.6893780048076923
0.6932842548076923
0.6932091346153846
0.6968149038461539
0.6953125
0.6955378605769231
0.6901292067307693
0.6916316105769231
0.6900540865384616
0.6904296875
0.6906550480769231
0.6896784855769231
0.6888521634615384
0.6879507211538461
0.6854717548076923
0.6871995192307693
0.6865234375
0.6885516826923077
0.6833683894230769
0.6859975961538461
0.6839693509615384
0.6856971153846154
0.6900540865384616
0.6893780048076923
0.6920823317307693
0.6899789663461539
0.6920072115384616
0.6926081730769231
0.6909555288461539
0.6958383413461539
0.6917818509615384
0.6967397836538461
0.6980919471153846
0.6936598557692307
0.6926081730769231
0.6932842548076923
0.697265625
0.6964393028846154
0.6937349759615384
0.6871243990384616
0.6909555288461539
0.6903545673076923
0.6935096153846154
0.6954627403846154
0.6978665865384616
0.6988431490384616
0.6943359375
0.6912560096153846
0.6911808894230769
0.6923828125
0.6917818509615384
0.6924579326923077
0.6917067307692307
0.6923828125
0.6904296875
0.6920072115384616
0.6938100961538461
0.6966646634615384
0.6939603365384616
0.6932091346153846
0.6931340144230769
0.6940354567307693
0.6926081730769231
0.6908804086538461
0.6947115384615384
0.6970402644230769
0.6976412259615384
0.7004206730769231
0.6974909855769231
0.7001953125
0.6968900240384616
0.6998197115384616
0.6948617788461539
0.6928335336538461
0.6912560096153846
0.6949368990384616
0.6969651442307693
0.6970402644230769
0.6959134615384616
0.6961388221153846
0.6962139423076923
0.6988431490384616
0.6968149038461539
0.6932091346153846
0.6947866586538461
0.7008713942307693
0.7033503605769231
0.7010216346153846
0.6975661057692307
0.6966646634615384
0.6996694711538461
0.6990685096153846
0.6940354567307693
0.6968900240384616
0.7001953125
0.7001953125
0.6962890625
0.7042518028846154
0.7081580528846154
0.7030498798076923
0.7048527644230769
0.7056039663461539
0.7047025240384616
0.7004206730769231
0.7019230769230769
0.7001201923076923
0.7003455528846154
0.7030498798076923
0.7058293269230769
0.7059044471153846
0.7035006009615384
0.7032001201923077
0.7075570913461539
0.7068058894230769
0.7078575721153846
0.705078125
0.7077824519230769
0.7069561298076923
0.7036508413461539
0.6990685096153846
0.7041015625
0.7038010817307693
0.7025240384615384
0.7086087740384616
0.7116887019230769
0.7049278846153846
0.7053786057692307
0.7051532451923077
0.7091346153846154
0.7071814903846154
0.7016977163461539
0.7083082932692307
0.7047776442307693
0.7071063701923077
0.7025240384615384
0.6983924278846154
0.7043269230769231
0.7085336538461539
0.7046274038461539
0.7079326923076923
0.7082331730769231
0.7015474759615384
0.7059795673076923
0.7096604567307693
0.7096604567307693
0.7105618990384616
0.7074068509615384
0.7076322115384616
0.7110877403846154
0.7106370192307693
0.712890625
0.7098106971153846
0.7128155048076923
0.7114633413461539
0.7095102163461539
0.7071063701923077
0.7142427884615384
0.7123647836538461
0.7117638221153846
0.7103365384615384
0.7125901442307693
0.7159705528846154
0.7102614182692307
0.7143179086538461
0.7140925480769231
0.7107872596153846
0.7063551682692307
0.705078125
0.7092097355769231
0.7082331730769231
0.7050030048076923
0.7064302884615384
0.7061298076923077
0.7085336538461539
0.7066556490384616
0.7122145432692307
0.7100360576923077
0.7100360576923077
0.7113882211538461
0.7140174278846154
0.7193509615384616
0.7149939903846154
0.7137920673076923
0.7110877403846154
0.7101862980769231
0.7104116586538461
0.7143179086538461
0.7143179086538461
0.7123647836538461
0.7131159855769231
0.7106370192307693
0.7144681490384616
0.7200270432692307
0.7201772836538461
0.7223557692307693
0.7231820913461539
0.7243840144230769
0.7231820913461539
0.7216796875
0.7278395432692307
0.7273888221153846
0.7258112980769231
0.7257361778846154
0.7220552884615384
0.7238581730769231
0.7258112980769231
0.7270132211538461
0.732421875
0.7291165865384616
0.7240084134615384
0.7202524038461539
0.7230318509615384
0.7177734375
0.7236328125
0.7181490384615384
0.7204777644230769
0.7202524038461539
0.7172475961538461
0.7211538461538461
0.7169471153846154
0.7185997596153846
0.7172475961538461
0.7203275240384616
0.7228816105769231
0.7214543269230769
0.7221304086538461
0.7172475961538461
0.7224308894230769
0.7224308894230769
0.7211538461538461
0.71875
0.7151442307692307
0.7173978365384616
0.7236328125
0.724609375
0.7217548076923077
0.716796875
0.7201021634615384
0.7209284855769231
0.7195012019230769
0.7209284855769231
0.7219801682692307
0.7216796875
0.7179987980769231
0.7107121394230769
0.7137169471153846
0.7076322115384616
0.7115384615384616
0.7152193509615384
0.7149939903846154
0.7160456730769231
0.7172475961538461
0.7184495192307693
0.7134915865384616
0.7152193509615384
0.7154447115384616
0.7164963942307693
0.7165715144230769
0.7225811298076923
0.7198768028846154
0.7258864182692307
0.7228064903846154
0.7195012019230769
0.7201772836538461
0.7192758413461539
0.7237079326923077
0.7209284855769231
0.7203275240384616
0.7209284855769231
0.716796875
0.7184495192307693
0.7184495192307693
0.7249849759615384
0.7273137019230769
0.7324969951923077
0.7327974759615384
0.7303936298076923
0.7352764423076923
0.7340745192307693
0.7305438701923077
0.7317457932692307
0.7292668269230769
0.7309945913461539
0.7317457932692307
0.7297175480769231
0.7309194711538461
0.7308443509615384
0.7298677884615384
0.7280649038461539
0.7310697115384616
0.7282902644230769
0.7216796875
0.7253605769230769
0.7243088942307693
0.7279146634615384
0.7276893028846154
0.7254356971153846
0.7243088942307693
0.7272385817307693
0.7279897836538461
0.7291165865384616
0.7284405048076923
0.7258864182692307
0.7285907451923077
0.7291165865384616
0.7331730769230769
0.7349759615384616
0.7332481971153846
0.7341496394230769
0.7340745192307693
0.73046875
0.7300931490384616
0.7314453125
0.7316706730769231
0.7264122596153846
0.7312199519230769
0.7296424278846154
0.7239332932692307
0.7306941105769231
0.7365534855769231
0.7388070913461539
0.7391826923076923
0.7367788461538461
0.7359525240384616
0.7355018028846154
0.7332481971153846
0.7353515625
0.7364032451923077
0.7398587740384616
0.7392578125
0.7433143028846154
0.7369290865384616
0.7385817307692307
0.73828125
0.7345252403846154
0.7326472355769231
0.7377554086538461
0.7362530048076923
0.7377554086538461
0.7370793269230769
0.736328125
0.7361778846153846
0.7375300480769231
0.7366286057692307
0.7403094951923077
0.7399338942307693
0.7384314903846154
0.7385066105769231
0.7388070913461539
0.7395582932692307
0.7404597355769231
0.7393329326923077
0.7364032451923077
0.7433143028846154
0.7426382211538461
0.7436147836538461
0.7408353365384616
0.7424128605769231
0.7415865384615384
0.7437650240384616
0.7454927884615384
0.7424128605769231
0.7410606971153846
0.7369290865384616
0.7451923076923077
0.7415865384615384
0.7433894230769231
0.7426382211538461
0.7418118990384616
0.7438401442307693
0.7457181490384616
0.7444411057692307
0.7403094951923077
0.7420372596153846
0.7428635817307693
0.7454176682692307
0.7412860576923077
0.7446664663461539
0.7439152644230769
0.7442157451923077
0.7430889423076923
0.7413611778846154
0.7420372596153846
0.7409104567307693
0.7469951923076923
0.7478966346153846
0.7447415865384616
0.7434645432692307
0.7469951923076923
0.7430138221153846
0.7457181490384616
0.7432391826923077
0.7472956730769231
0.7496243990384616
0.7476712740384616
0.7477463942307693
0.7475961538461539
0.7484975961538461
0.7435396634615384
0.7416616586538461
0.7427884615384616
0.7457181490384616
0.7450420673076923
0.7413611778846154
0.7388822115384616
0.7430138221153846
0.7410606971153846
0.7454927884615384
0.7444411057692307
0.7513521634615384
0.7518028846153846
0.7541316105769231
0.7511268028846154
0.7463942307692307
0.7494741586538461
0.7489483173076923
0.7477463942307693
0.744140625
0.7430138221153846
0.7487980769230769
0.7453425480769231
0.7443659855769231
0.7461688701923077
0.7467698317307693
0.7452674278846154
0.7472956730769231
0.7452674278846154
0.7462439903846154
0.7522536057692307
0.7508263221153846
0.7511268028846154
0.7544320913461539
0.7470703125
0.7494741586538461
0.7521033653846154
0.751953125
0.7532301682692307
0.7508263221153846
0.7505258413461539
0.7532301682692307
0.7482722355769231
0.7529296875
0.7521784855769231
0.7525540865384616
0.7547325721153846
0.7514272836538461
0.755859375
0.7536808894230769
0.7539813701923077
0.7570612980769231
0.7552584134615384
0.7577373798076923
0.7584885817307693
0.7579627403846154
0.7590144230769231
0.7633713942307693
0.76171875
0.7600661057692307
0.7614182692307693
0.7605919471153846
0.7618689903846154
0.7606670673076923
0.7634465144230769
0.7609675480769231
0.7655498798076923
0.7614933894230769
0.7657752403846154
0.7638221153846154
0.7613431490384616
0.7576622596153846
0.7616436298076923
0.7683293269230769
0.7687800480769231
0.7669771634615384
0.7650991586538461
0.7685546875
0.7667518028846154
0.7607421875
0.7645733173076923
0.7652493990384616
0.7623948317307693
0.7632962740384616
0.7685546875
0.7664513221153846
0.7709585336538461
0.7707331730769231
0.7672776442307693
0.7657752403846154
0.7641977163461539
0.7658503605769231
0.7676532451923077
0.7693058894230769
0.7703575721153846
0.7677283653846154
0.7692307692307693
0.7710336538461539
0.7675030048076923
0.7680288461538461
0.7668269230769231
0.7688551682692307
0.7696063701923077
0.7696814903846154
0.7724609375
0.7729867788461539
0.7735877403846154
0.7704326923076923
0.7665264423076923
0.7677283653846154
0.7665264423076923
0.7649489182692307
0.7619441105769231
0.7639723557692307
0.7595402644230769
0.7625450721153846
0.7641225961538461
0.7643479567307693
0.7647235576923077
0.7664513221153846
0.7647986778846154
0.7611929086538461
0.7643479567307693
0.7667518028846154
0.7671274038461539
0.7684044471153846
0.7680288461538461
0.7690054086538461
0.7701322115384616
0.7702073317307693
0.7691556490384616
0.7727614182692307
0.7697566105769231
0.7722355769230769
0.7736628605769231
0.7750901442307693
0.7768930288461539
0.7738131009615384
0.7764423076923077
0.7756911057692307
0.7737379807692307
0.7765174278846154
0.7746394230769231
0.7734375
0.7718599759615384
0.7711087740384616
0.7709585336538461
0.7740384615384616
0.7706580528846154
0.7764423076923077
0.7782451923076923
0.7763671875
0.7756911057692307
0.7767427884615384
0.7754657451923077
0.7830528846153846
0.7782451923076923
0.7808743990384616
0.7809495192307693
0.7820763221153846
0.7814753605769231
0.7816256009615384
0.7763671875
0.7765925480769231
0.7760667067307693
0.7821514423076923
0.7788461538461539
0.7802734375
0.7829777644230769
0.7811748798076923
0.7840294471153846
0.7847806490384616
0.7854567307692307
0.7829026442307693
0.7828275240384616
0.7809495192307693
0.7827524038461539
0.7841796875
0.7824519230769231
0.7850060096153846
0.7858323317307693
0.7864332932692307
0.7866586538461539
0.791015625
0.7903395432692307
0.7882361778846154
0.7877854567307693
0.78515625
0.7859825721153846
0.7830528846153846
0.7838792067307693
0.7862830528846154
0.7884615384615384
0.7872596153846154
0.7832782451923077
0.7847806490384616
0.7896634615384616
0.7901893028846154
0.7838040865384616
0.7877854567307693
0.7844050480769231
0.7853064903846154
0.7841045673076923
0.7866586538461539
0.7913161057692307
0.79296875
0.79296875
0.7946213942307693
0.7936448317307693
0.7928936298076923
0.7895132211538461
0.7912409855769231
0.7935697115384616
0.7934945913461539
0.7946213942307693
0.7973257211538461
0.7967998798076923
0.7933443509615384
0.7952223557692307
0.7977764423076923
0.7960486778846154
0.7936448317307693
0.7920673076923077
0.7912409855769231
0.7967998798076923
0.7934194711538461
0.7956730769230769
0.7989783653846154
0.7982271634615384
0.798828125
0.7951472355769231
0.7987530048076923
0.8005558894230769
0.8002554086538461
0.7969501201923077
0.7980769230769231
0.7981520432692307
0.7981520432692307
0.7959735576923077
0.7931189903846154
0.7940204326923077
0.794921875
0.7957481971153846
0.7983774038461539
0.7993539663461539
0.7983022836538461
0.796875
0.7955979567307693
0.7973257211538461
0.7977764423076923
0.7980769230769231
0.7987530048076923
0.7967247596153846
0.8001802884615384
0.7986778846153846
0.7986027644230769
0.7994290865384616
0.8028094951923077
0.8049128605769231
0.8010066105769231
0.8036358173076923
0.8044621394230769
0.8020582932692307
0.7996544471153846
0.8039362980769231
0.8037109375
0.8036358173076923
0.8028846153846154
0.8052884615384616
0.8063401442307693
0.8054387019230769
0.8093449519230769
0.8080679086538461
0.8082181490384616
0.8043118990384616
0.8051382211538461
0.8052884615384616
0.8035606971153846
0.8014573317307693
0.8013070913461539
0.7976262019230769
0.8011568509615384
0.7991286057692307
0.7993539663461539
0.8035606971153846
0.8012319711538461
0.8073167067307693
0.8073918269230769
0.8029597355769231
0.8040865384615384
0.8030348557692307
0.8064903846153846
0.8079927884615384
0.8046123798076923
0.8052133413461539
0.8023587740384616
0.8040865384615384
0.8031850961538461
0.8049879807692307
0.8007061298076923
0.8013822115384616
0.7965745192307693
0.8016075721153846
0.8026592548076923
0.8048377403846154
0.8095703125
0.8097205528846154
0.8112980769230769
0.8097205528846154
0.8102463942307693
0.8065655048076923
0.8072415865384616
0.8091947115384616
0.8099459134615384
0.8091195913461539
0.8103215144230769
0.8085186298076923
0.8100210336538461
0.8089693509615384
0.8114483173076923
0.8112229567307693
0.80859375
0.8115985576923077
0.8073167067307693
0.8082932692307693
0.8097956730769231
0.8106219951923077
0.8089693509615384
0.8109975961538461
0.8114483173076923
0.8139272836538461
0.8134765625
0.8186598557692307
0.8180588942307693
0.8172325721153846
0.8165564903846154
0.8176832932692307
0.8156550480769231
0.8146033653846154
0.8157301682692307
0.8109975961538461
0.8131009615384616
0.8147536057692307
0.8128756009615384
0.8134014423076923
0.8134014423076923
0.8146784855769231
0.8130258413461539
0.8108473557692307
0.8109224759615384
0.8114483173076923
0.8125
0.8136268028846154
0.8125751201923077
0.8163311298076923
0.8188852163461539
0.8166316105769231
0.8174579326923077
0.8205378605769231
0.8206881009615384
0.8175330528846154
0.8188852163461539
0.8239182692307693
0.8227163461538461
0.8229417067307693
0.82421875
0.8249699519230769
0.8245192307692307
