0.8245192307692307
0.8245192307692307
0.8225661057692307
0.8247445913461539
0.8217397836538461
0.8245192307692307
0.8255709134615384
0.8252704326923077
0.8246694711538461
0.8246694711538461
0.8284254807692307
0.8277493990384616
0.8321814903846154
0.8315054086538461
0.8333834134615384
0.8308293269230769
0.8294771634615384
0.8278996394230769
0.8266977163461539
0.8274489182692307
0.8266225961538461
0.8220402644230769
0.8273737980769231
0.8292518028846154
0.8315805288461539
0.83203125
0.8342848557692307
0.8355618990384616
0.8357872596153846
0.8369140625
0.8374399038461539
0.8386418269230769
0.8366887019230769
0.8388671875
0.8399939903846154
0.8351862980769231
0.8371394230769231
0.8377403846153846
0.8365384615384616
0.8355618990384616
0.8334585336538461
0.8347355769230769
0.8363131009615384
0.8340594951923077
0.833984375
0.8345853365384616
0.8384164663461539
0.8383413461538461
0.8393930288461539
0.8370643028846154
0.8361628605769231
0.8381159855769231
0.8384164663461539
0.8409705528846154
0.8409705528846154
0.8371394230769231
0.8384164663461539
0.8415715144230769
0.8429236778846154
0.8413461538461539
0.8348106971153846
0.8368389423076923
0.8373647836538461
0.8372145432692307
0.837890625
0.8367638221153846
0.8354116586538461
0.8342097355769231
0.8345853365384616
0.8376652644230769
0.8375150240384616
0.8419471153846154
0.8399939903846154
0.8421724759615384
0.8445763221153846
0.8439002403846154
0.8393930288461539
0.8393179086538461
0.8366887019230769
0.8396183894230769
0.8403695913461539
0.8404447115384616
0.8366135817307693
0.837890625
0.8399939903846154
0.8362379807692307
0.8354867788461539
0.8347355769230769
0.8386418269230769
0.8401442307692307
0.8332331730769231
0.8342848557692307
0.8379657451923077
0.8403695913461539
0.8402193509615384
0.8375901442307693
0.8391676682692307
0.8384164663461539
0.8392427884615384
0.8358623798076923
0.8382662259615384
0.8381911057692307
0.8385667067307693
0.8409705528846154
0.8408203125
0.8431490384615384
0.8348858173076923
0.8368389423076923
0.8387920673076923
0.8392427884615384
0.8399939903846154
0.8393179086538461
0.8376652644230769
0.8377403846153846
0.8375901442307693
0.8360877403846154
0.8369891826923077
0.8354867788461539
0.8338341346153846
0.8367638221153846
0.8411959134615384
0.8414963942307693
0.8389423076923077
0.8384915865384616
0.8396183894230769
0.8404447115384616
0.8423227163461539
0.8415715144230769
0.8421724759615384
0.8383413461538461
0.8420222355769231
0.8396183894230769
0.8426231971153846
0.8425480769230769
0.8403695913461539
0.8372145432692307
0.8371394230769231
0.8432992788461539
0.8405198317307693
0.8384164663461539
0.8370643028846154
0.8384164663461539
0.8414212740384616
0.8399939903846154
0.8405949519230769
0.8411207932692307
0.8421724759615384
0.8412710336538461
0.8444260817307693
0.8502854567307693
0.849609375
0.849609375
0.8466045673076923
0.8490835336538461
0.8460787259615384
0.8472806490384616
0.8499098557692307
0.8396935096153846
0.8454026442307693
0.8417217548076923
0.8441256009615384
0.8432992788461539
0.8445012019230769
0.8423978365384616
0.8448016826923077
0.8440504807692307
0.8424729567307693
0.8405198317307693
0.8410456730769231
0.8374399038461539
0.8407451923076923
0.8427734375
0.8451772836538461
0.8381911057692307
0.8439002403846154
0.8414963942307693
0.8420222355769231
0.8376652644230769
0.8369140625
0.8404447115384616
0.8405198317307693
0.8413461538461539
0.8391676682692307
0.8396935096153846
0.8425480769230769
0.8408954326923077
0.8442007211538461
0.8443509615384616
0.84375
0.8436748798076923
0.8444260817307693
0.8449519230769231
0.8465294471153846
0.8461538461538461
0.8423227163461539
0.8429236778846154
0.8409705528846154
0.8382662259615384
0.8395432692307693
0.8420222355769231
0.8439002403846154
0.8388671875
0.8401442307692307
0.8387169471153846
0.83984375
0.8454777644230769
0.8405949519230769
0.8396935096153846
0.8423227163461539
0.8456280048076923
0.8490835336538461
0.8482572115384616
0.8479567307692307
0.8448768028846154
0.8418719951923077
0.8436748798076923
0.8414212740384616
0.8448016826923077
0.8422475961538461
0.8463040865384616
0.8440504807692307
0.8428485576923077
0.8427734375
0.8435246394230769
0.8439753605769231
0.8442007211538461
0.84765625
0.8493088942307693
0.8427734375
0.8440504807692307
0.8375150240384616
0.8390174278846154
0.8454026442307693
0.8441256009615384
0.8448768028846154
0.8446514423076923
0.8456280048076923
0.8427734375
0.8449519230769231
0.8493088942307693
0.8481820913461539
0.8490835336538461
0.8491586538461539
0.8443509615384616
0.8459284855769231
0.8526893028846154
0.8475811298076923
0.8466796875
0.8466796875
0.8439002403846154
0.8445012019230769
0.8493088942307693
0.8441256009615384
0.8459284855769231
0.8465294471153846
0.8449519230769231
0.8462289663461539
0.8440504807692307
0.8426231971153846
0.8386418269230769
0.8403695913461539
0.8414212740384616
0.8426983173076923
0.8423978365384616
0.8441256009615384
0.8411959134615384
0.8405949519230769
0.8472806490384616
0.8454777644230769
0.8455528846153846
0.8497596153846154
0.8471304086538461
0.8420222355769231
0.8451021634615384
0.8432241586538461
0.8426231971153846
0.8412710336538461
0.8422475961538461
0.8354867788461539
0.837890625
0.8404447115384616
0.8408954326923077
0.8390925480769231
0.8390925480769231
0.8423227163461539
0.8382662259615384
0.8421724759615384
0.8392427884615384
0.8402193509615384
0.8389423076923077
0.8391676682692307
0.8391676682692307
0.8387169471153846
0.8399188701923077
0.8391676682692307
0.8424729567307693
0.8414963942307693
0.8421724759615384
0.8414212740384616
0.8413461538461539
0.8375901442307693
0.8363131009615384
0.8367638221153846
0.8371394230769231
0.8387169471153846
0.8375150240384616
0.8357872596153846
0.8404447115384616
0.8405949519230769
0.8405949519230769
0.8413461538461539
0.8414212740384616
0.8406700721153846
0.8374399038461539
0.8357121394230769
0.8380408653846154
0.8422475961538461
0.8355618990384616
0.8328575721153846
0.8351111778846154
0.8430739182692307
0.8395432692307693
0.8342848557692307
0.8354116586538461
0.8362379807692307
0.8348106971153846
0.8345853365384616
0.8361628605769231
0.8412710336538461
0.8395432692307693
0.8393179086538461
0.8367638221153846
0.8369140625
0.8372145432692307
0.8352614182692307
0.8387169471153846
0.8385667067307693
0.8322566105769231
0.8358623798076923
0.8392427884615384
0.8411959134615384
0.8366887019230769
0.8355618990384616
0.8357121394230769
0.8354116586538461
0.8351862980769231
0.8396183894230769
0.8378155048076923
0.8373647836538461
0.8351111778846154
0.8359375
0.8371394230769231
0.8315054086538461
0.8336087740384616
0.8316556490384616
0.8336087740384616
0.8319561298076923
0.8376652644230769
0.8394681490384616
0.8375150240384616
0.8333082932692307
0.8348858173076923
0.8347355769230769
0.8305288461538461
0.828125
0.8271484375
0.8287259615384616
0.8277493990384616
0.8289513221153846
0.8297776442307693
0.8333082932692307
0.8304537259615384
0.8247445913461539
0.8288762019230769
0.8239933894230769
0.8272235576923077
0.8230168269230769
0.8239182692307693
0.8230919471153846
0.8257211538461539
0.8282001201923077
0.8266225961538461
0.8313551682692307
0.8274489182692307
0.8296274038461539
0.8301532451923077
0.8284254807692307
0.8257211538461539
0.8265474759615384
0.8294020432692307
0.8230919471153846
0.8269230769230769
0.8255709134615384
0.8210637019230769
0.8238431490384616
0.8209885817307693
0.8257211538461539
0.8251201923076923
0.8236177884615384
0.8217397836538461
0.8260967548076923
0.8300030048076923
0.8257962740384616
0.8233924278846154
0.8233173076923077
0.8239182692307693
0.8176081730769231
0.8186598557692307
0.8161808894230769
0.8236177884615384
0.8230168269230769
0.8167818509615384
0.8143028846153846
0.8114483173076923
0.8140024038461539
0.8167818509615384
0.8128756009615384
0.8075420673076923
0.8052133413461539
0.810546875
0.8097205528846154
0.8097205528846154
0.8155048076923077
0.8172325721153846
0.8114483173076923
0.8069411057692307
0.8074669471153846
0.8064903846153846
0.8064152644230769
0.8085186298076923
0.80078125
0.8034855769230769
0.8012319711538461
0.7984525240384616
0.8008563701923077
0.7989783653846154
0.8009314903846154
0.7996544471153846
0.7995793269230769
0.8016075721153846
0.7955979567307693
0.791015625
0.7916917067307693
0.7970252403846154
0.7951472355769231
0.7984525240384616
0.7967247596153846
0.7901893028846154
0.7925931490384616
0.7950721153846154
0.7928185096153846
0.7914663461538461
0.7845552884615384
0.7817007211538461
0.7859074519230769
0.7831280048076923
0.7826021634615384
0.7782451923076923
0.775390625
0.7741887019230769
0.7804236778846154
0.7737379807692307
0.76953125
0.7679537259615384
0.7667518028846154
0.7702824519230769
0.7683293269230769
0.7678786057692307
0.7668269230769231
0.7669020432692307
0.7647235576923077
0.7635216346153846
0.7587139423076923
0.7637469951923077
0.7693810096153846
0.7675030048076923
0.7741135817307693
0.7647235576923077
0.7632962740384616
0.7612680288461539
0.7643479567307693
0.7633713942307693
0.7627704326923077
0.7604417067307693
0.7561598557692307
0.7524038461538461
0.7587890625
0.7588641826923077
0.7542067307692307
0.7510516826923077
0.7472205528846154
0.7500751201923077
0.74609375
0.7471454326923077
0.7496243990384616
0.7454176682692307
0.7379807692307693
0.7412860576923077
0.7421123798076923
0.7390324519230769
0.7417367788461539
0.7401592548076923
0.7373046875
0.7397836538461539
0.7405348557692307
0.7382061298076923
0.7373798076923077
0.7373046875
0.7373798076923077
0.7367788461538461
0.7312199519230769
0.7261117788461539
0.728515625
0.7287409855769231
0.7256610576923077
0.7255859375
0.7233323317307693
0.7125901442307693
0.7149939903846154
0.7137169471153846
0.7184495192307693
0.7173978365384616
0.7212289663461539
0.7140174278846154
0.7120643028846154
0.7077073317307693
0.7091346153846154
0.7022235576923077
0.6998948317307693
0.6969651442307693
0.6992938701923077
0.7076322115384616
0.7042518028846154
0.7007962740384616
0.7042518028846154
0.6971153846153846
0.7015474759615384
0.7001201923076923
0.7025991586538461
0.7008713942307693
0.6973407451923077
0.6976412259615384
0.7016225961538461
0.6971905048076923
0.6941856971153846
0.6874248798076923
0.6920823317307693
0.69140625
0.6884765625
0.6900540865384616
0.6875751201923077
0.6829176682692307
0.6847956730769231
0.6751051682692307
0.6799128605769231
0.6705979567307693
0.6675931490384616
0.6666917067307693
0.6631610576923077
0.6615835336538461
0.6630859375
0.6632361778846154
0.6579026442307693
0.6606820913461539
0.6548227163461539
0.6613581730769231
0.6506159855769231
0.6541466346153846
0.6486628605769231
0.6507662259615384
0.6483623798076923
0.6452824519230769
0.6461838942307693
0.6431039663461539
0.6456580528846154
0.6509915865384616
0.6397235576923077
0.6418269230769231
0.6365685096153846
0.6455829326923077
0.6382962740384616
0.6415264423076923
0.6316856971153846
0.6402493990384616
0.6349158653846154
0.6366436298076923
0.6376953125
0.6303335336538461
0.62890625
0.6300330528846154
0.6268028846153846
0.6283052884615384
0.6335637019230769
0.6364182692307693
0.6273287259615384
0.6337890625
0.6344651442307693
0.6327373798076923
0.6340895432692307
0.6336388221153846
0.6222205528846154
0.6264272836538461
0.6225961538461539
0.6340895432692307
0.6354417067307693
0.6283052884615384
0.6359675480769231
0.6325871394230769
0.6339393028846154
0.6345402644230769
0.6307842548076923
0.6318359375
0.6376201923076923
0.6301832932692307
0.6314603365384616
0.6286057692307693
0.6288311298076923
0.6322866586538461
0.6280048076923077
0.6231219951923077
0.6290564903846154
0.6301081730769231
0.6343149038461539
0.6307842548076923
0.6249248798076923
0.6260516826923077
0.6253004807692307
0.6317608173076923
0.6312349759615384
0.6276292067307693
0.6268028846153846
0.6216195913461539
0.6183894230769231
0.6248497596153846
0.6309344951923077
0.6258263221153846
0.6211688701923077
0.6251502403846154
0.6295072115384616
0.6307091346153846
0.6317608173076923
0.6262770432692307
0.62890625
0.6270282451923077
0.619140625
0.6280799278846154
0.6289813701923077
0.6265024038461539
0.6340144230769231
0.6323617788461539
0.6232722355769231
0.626953125
0.6295072115384616
0.6325871394230769
0.6231219951923077
0.6204927884615384
0.6246243990384616
0.6221454326923077
0.6251502403846154
0.6204176682692307
0.6256760817307693
0.6275540865384616
0.6249248798076923
0.6271784855769231
0.6236478365384616
0.6165114182692307
0.6240234375
0.6282301682692307
0.6277043269230769
0.6207181490384616
0.6307842548076923
0.6290564903846154
0.6295823317307693
0.6244741586538461
0.6143329326923077
0.6248497596153846
0.6274789663461539
0.6313100961538461
0.6268028846153846
0.6296574519230769
0.6225210336538461
0.6251502403846154
0.6293569711538461
0.6259014423076923
0.6243990384615384
0.6272536057692307
0.6256760817307693
0.6264272836538461
0.6243990384615384
0.6246995192307693
0.6259765625
0.6228966346153846
0.6280048076923077
0.6252253605769231
0.6225961538461539
0.6206430288461539
0.6252253605769231
0.6224459134615384
0.6237229567307693
0.6241736778846154
0.6198167067307693
0.6201923076923077
0.6248497596153846
0.6294320913461539
0.6280799278846154
0.6218449519230769
0.6240234375
0.6275540865384616
0.6150090144230769
0.6228215144230769
0.6174128605769231
0.6250751201923077
0.6294320913461539
0.6274038461538461
0.6202674278846154
0.6220703125
0.6241736778846154
0.6220703125
0.6226712740384616
0.6225210336538461
0.6177133413461539
0.6284555288461539
0.6261268028846154
0.6217698317307693
0.6185396634615384
0.6207932692307693
0.6204176682692307
0.6222205528846154
0.6220703125
0.6241736778846154
0.6237980769230769
0.6231219951923077
0.6288311298076923
0.6184645432692307
0.6260516826923077
0.6232722355769231
0.6198918269230769
0.6196664663461539
0.6234224759615384
0.6173377403846154
0.6247746394230769
0.6213191105769231
0.6162860576923077
0.6226712740384616
0.6229717548076923
0.6259014423076923
0.6235727163461539
0.6218449519230769
0.6233473557692307
0.6206430288461539
0.6224459134615384
0.6189152644230769
0.6198918269230769
0.6263521634615384
0.6190655048076923
0.6215444711538461
0.6190655048076923
0.6215444711538461
0.6240985576923077
0.6205679086538461
0.6237229567307693
0.6177884615384616
0.62109375
0.6223707932692307
0.6181640625
0.6135817307692307
0.6173377403846154
0.6194411057692307
0.6226712740384616
0.6162109375
0.6183894230769231
0.6195162259615384
0.6140324519230769
0.6168870192307693
0.6168118990384616
0.6127554086538461
0.6216947115384616
0.6129807692307693
0.6247746394230769
0.6198918269230769
0.6164362980769231
0.6180889423076923
0.6256009615384616
0.6197415865384616
0.6229717548076923
0.6198918269230769
0.6174128605769231
0.6221454326923077
0.6120042067307693
0.6173377403846154
0.6133563701923077
0.6131310096153846
0.6186147836538461
0.6133563701923077
0.6194411057692307
0.6259014423076923
0.6163611778846154
0.6183894230769231
0.6195913461538461
0.6198918269230769
0.6174879807692307
0.6231971153846154
0.6189903846153846
0.6138822115384616
0.6160606971153846
0.6166616586538461
0.6171875
0.6147085336538461
0.6178635817307693
0.6204176682692307
0.615234375
0.6099008413461539
0.6118539663461539
0.6201923076923077
0.6169621394230769
0.6111027644230769
0.6162109375
0.6223707932692307
0.6157602163461539
0.6186147836538461
0.6198918269230769
0.6153846153846154
0.6168870192307693
0.6165865384615384
0.6204927884615384
0.6180138221153846
0.6204927884615384
0.6176382211538461
0.6236478365384616
0.6218449519230769
0.6189152644230769
0.6251502403846154
0.6240234375
0.6180138221153846
0.6144080528846154
0.607421875
0.6120793269230769
0.6128305288461539
0.6209435096153846
0.6186899038461539
0.6171123798076923
0.6130558894230769
0.6103515625
0.6188401442307693
0.6247746394230769
0.6181640625
0.6068209134615384
0.6102013221153846
0.6135066105769231
0.615234375
0.6131310096153846
0.6143329326923077
0.6096003605769231
0.6119290865384616
0.6171875
0.6083233173076923
0.6180889423076923
0.6120042067307693
0.6154597355769231
0.6114783653846154
0.6194411057692307
0.6147836538461539
0.6216947115384616
0.6065204326923077
0.6164362980769231
0.6145582932692307
0.6192908653846154
0.6163611778846154
0.6117788461538461
0.6192157451923077
0.6168870192307693
0.6079477163461539
0.6117037259615384
0.6120042067307693
0.6099759615384616
0.6115534855769231
0.6228966346153846
0.6162860576923077
0.6140324519230769
0.6133563701923077
0.6160606971153846
0.6141075721153846
0.6123046875
0.6153094951923077
0.6169621394230769
0.6162860576923077
0.6169621394230769
0.6170372596153846
0.6122295673076923
0.6156850961538461
0.6138070913461539
0.6184645432692307
0.6147836538461539
0.6156099759615384
0.6151592548076923
0.6123798076923077
0.6173377403846154
0.6114032451923077
0.6011868990384616
0.6082481971153846
0.6070462740384616
0.6122295673076923
0.6120793269230769
0.6135066105769231
0.6150841346153846
0.6130558894230769
0.6027644230769231
0.61328125
0.6198167067307693
0.6144080528846154
0.6080228365384616
0.6111027644230769
0.6141075721153846
0.6138822115384616
0.611328125
0.6129807692307693
0.6066706730769231
0.6148587740384616
0.6126802884615384
0.6177884615384616
0.6107271634615384
0.6117788461538461
0.6183143028846154
0.6165865384615384
0.6105769230769231
0.6109525240384616
0.6050180288461539
0.6136568509615384
0.6168870192307693
0.6119290865384616
0.6077974759615384
0.6084735576923077
0.6070462740384616
0.6047175480769231
0.6128305288461539
0.6059194711538461
0.6089993990384616
0.6103515625
0.6099759615384616
0.6179387019230769
0.6080979567307693
0.6075721153846154
0.6057692307692307
0.607421875
0.6070462740384616
0.6026141826923077
0.6167367788461539
0.6081730769230769
0.6127554086538461
0.6124549278846154
0.6108022836538461
0.6050931490384616
0.6044921875
0.615234375
0.6051682692307693
0.6074969951923077
0.6047175480769231
0.6124549278846154
0.6115534855769231
0.6057692307692307
0.6099008413461539
0.6141826923076923
0.6114032451923077
0.6120793269230769
0.6030649038461539
0.6050180288461539
0.6135066105769231
0.6042668269230769
0.6177133413461539
0.6119290865384616
0.6029146634615384
0.6085486778846154
0.6143329326923077
0.6144831730769231
0.62109375
0.6065955528846154
0.6072716346153846
0.6168118990384616
0.6179387019230769
0.6120793269230769
0.6068209134615384
0.6107271634615384
0.6047175480769231
0.6070462740384616
0.6167367788461539
0.6103515625
0.6097506009615384
0.6120042067307693
0.6110276442307693
0.6091496394230769
0.5975060096153846
0.6108774038461539
0.6059194711538461
0.6016376201923077
0.6109525240384616
0.6011117788461539
0.6079477163461539
0.6087740384615384
0.6072716346153846
0.6073467548076923
0.6077974759615384
