0.7469200721153846
0.7145432692307693
0.7123647836538461
0.7113131009615384
0.7134164663461539
0.7029747596153846
0.7133413461538461
0.7177734375
0.7125901442307693
0.7104116586538461
0.7102614182692307
0.7057542067307693
0.7074068509615384
0.7087590144230769
0.7142427884615384
0.7103365384615384
0.7114633413461539
0.7128155048076923
0.7115384615384616
0.7069561298076923
0.7125150240384616
0.7130408653846154
0.7119140625
0.7147686298076923
0.7158203125
0.7152193509615384
0.7075570913461539
0.7122145432692307
0.7101862980769231
0.7135667067307693
0.7117638221153846
0.7135667067307693
0.7128155048076923
0.7108623798076923
0.7137169471153846
0.716796875
0.7135667067307693
0.7110126201923077
0.7110126201923077
0.7150691105769231
0.716796875
0.7135667067307693
0.7139423076923077
0.7192007211538461
0.7100360576923077
0.7178485576923077
0.7141676682692307
0.7098106971153846
0.7131911057692307
0.7149939903846154
0.7133413461538461
0.7155198317307693
0.7179236778846154
0.7131159855769231
0.7213040865384616
0.7159705528846154
0.7129657451923077
0.7229567307692307
0.7201021634615384
0.7166466346153846
0.7140174278846154
0.7205528846153846
0.7138671875
0.7161959134615384
0.7151442307692307
0.7113131009615384
0.7095102163461539
0.7124399038461539
0.7185997596153846
0.7224308894230769
0.7080078125
0.7040264423076923
0.7106370192307693
0.7139423076923077
0.7137920673076923
0.7145432692307693
0.7104867788461539
0.7146935096153846
0.7182992788461539
0.7154447115384616
0.7169471153846154
0.7191256009615384
0.7204777644230769
0.7116135817307693
0.7155949519230769
0.7152193509615384
0.7182241586538461
0.7173227163461539
0.7172475961538461
0.7216796875
0.7144681490384616
0.7140174278846154
0.7192758413461539
0.7173978365384616
0.7200270432692307
0.7195012019230769
0.7182241586538461
0.7169471153846154
0.7172475961538461
0.7202524038461539
0.7185997596153846
0.7210036057692307
0.7221304086538461
0.7136418269230769
0.7149188701923077
0.7162710336538461
0.7138671875
0.7252103365384616
0.7154447115384616
0.7217548076923077
0.7205528846153846
0.7141676682692307
0.7176231971153846
0.7192007211538461
0.7086838942307693
0.7182992788461539
0.7219801682692307
0.7237079326923077
0.7163461538461539
0.7216796875
0.7173227163461539
0.7181490384615384
0.7233323317307693
0.7145432692307693
0.7172475961538461
0.7196514423076923
0.7135667067307693
0.7192758413461539
0.7249849759615384
0.7220552884615384
0.7221304086538461
0.7248347355769231
0.7240084134615384
0.7213792067307693
0.7249098557692307
0.7176231971153846
0.7185997596153846
0.7204777644230769
0.7229567307692307
0.7179987980769231
0.7213040865384616
0.7273137019230769
0.7191256009615384
0.7186748798076923
0.7252103365384616
0.7265625
0.7236328125
0.7165715144230769
0.7222055288461539
0.7210787259615384
0.7154447115384616
0.7211538461538461
0.7287409855769231
0.7194260817307693
0.7219050480769231
0.7294921875
0.7240835336538461
0.7177734375
0.7198768028846154
0.7217548076923077
0.7262620192307693
0.7216796875
0.732421875
0.7225060096153846
0.7216796875
0.7258864182692307
0.7291165865384616
0.7242337740384616
0.7237830528846154
0.7230318509615384
0.7296424278846154
0.7203275240384616
0.7263371394230769
0.7235576923076923
0.7252103365384616
0.7269381009615384
0.7221304086538461
0.7219050480769231
0.7224308894230769
0.7180739182692307
0.7201772836538461
0.7236328125
0.7201772836538461
0.7230318509615384
0.7284405048076923
0.7216045673076923
0.7222055288461539
0.7198768028846154
0.7239332932692307
0.7252854567307693
0.7279146634615384
0.724609375
0.7272385817307693
0.7294170673076923
0.7199519230769231
0.7219801682692307
0.7267878605769231
0.7318209134615384
0.7227313701923077
0.7228816105769231
0.7246844951923077
0.7221304086538461
0.7237830528846154
0.7270132211538461
0.7232572115384616
0.7246844951923077
0.7249849759615384
0.7243840144230769
0.7239332932692307
0.7245342548076923
0.7250600961538461
0.7219801682692307
0.7217548076923077
0.7214543269230769
0.7227313701923077
0.7238581730769231
0.7198768028846154
0.7210036057692307
0.7249849759615384
0.7272385817307693
0.7279146634615384
0.7258864182692307
0.7213792067307693
0.7265625
0.7250600961538461
0.7279897836538461
0.7317457932692307
0.7265625
0.7328725961538461
0.7258864182692307
0.7281400240384616
0.7289663461538461
0.7230318509615384
0.7259615384615384
0.7228064903846154
0.7263371394230769
0.7300180288461539
0.7287409855769231
0.7223557692307693
0.7238581730769231
0.7215294471153846
0.7275390625
0.7236328125
0.7261868990384616
0.7278395432692307
0.7285907451923077
0.7273888221153846
0.7221304086538461
0.7288161057692307
0.7295673076923077
0.7358022836538461
0.7357271634615384
0.7290414663461539
0.7277644230769231
0.7298677884615384
0.7332481971153846
0.7279146634615384
0.7248347355769231
0.7303936298076923
0.7292668269230769
0.7309194711538461
0.7300931490384616
0.7313701923076923
0.7328725961538461
0.7322716346153846
0.7267878605769231
0.7319711538461539
0.7320462740384616
0.7315955528846154
0.7244591346153846
0.7353515625
0.7312199519230769
0.7360276442307693
0.7332481971153846
0.7299429086538461
0.7318209134615384
0.7303936298076923
0.7289663461538461
0.7317457932692307
0.7324969951923077
0.7373046875
0.73046875
0.7413611778846154
0.736328125
0.7308443509615384
0.7250600961538461
0.7294170673076923
0.7336989182692307
0.7316706730769231
0.7300180288461539
0.7320462740384616
0.7373046875
0.7330228365384616
0.7377554086538461
0.7359525240384616
0.7297926682692307
0.7352013221153846
0.7235576923076923
0.7321213942307693
0.7302433894230769
0.7314453125
0.7306941105769231
0.7321213942307693
0.7269381009615384
0.7323467548076923
0.7326472355769231
0.7371544471153846
0.7300931490384616
0.7352764423076923
0.7321213942307693
0.7313701923076923
0.7316706730769231
0.7328725961538461
0.7328725961538461
0.7368539663461539
0.7268629807692307
0.7382061298076923
0.7379807692307693
0.7338491586538461
0.7309945913461539
0.7407602163461539
0.7346003605769231
0.7357271634615384
0.7323467548076923
0.7376802884615384
0.7345252403846154
0.7386568509615384
0.7358022836538461
0.7389573317307693
0.7379056490384616
0.7303185096153846
0.7359525240384616
0.7321213942307693
0.7372295673076923
0.7296424278846154
0.7369290865384616
0.7408353365384616
0.7391075721153846
0.7300931490384616
0.7367788461538461
0.734375
0.7346003605769231
0.7300931490384616
0.7355018028846154
0.7434645432692307
0.7385066105769231
0.7400841346153846
0.7442157451923077
0.7381310096153846
0.7326472355769231
0.7352764423076923
0.7380558894230769
0.7415865384615384
0.7389573317307693
0.7305438701923077
0.7401592548076923
0.7357271634615384
0.7408353365384616
0.7426382211538461
0.7418118990384616
0.7406850961538461
0.7410606971153846
0.7384314903846154
0.7354266826923077
0.7412860576923077
0.7367788461538461
0.7367037259615384
0.7418118990384616
0.7376051682692307
0.7420372596153846
0.73828125
0.7367788461538461
0.7388822115384616
0.7355769230769231
0.7376802884615384
0.7350510817307693
0.7345252403846154
0.7361778846153846
0.7375300480769231
0.7446664663461539
0.7424879807692307
0.7361778846153846
0.7319711538461539
0.7360276442307693
0.7391075721153846
0.7409104567307693
0.7451171875
0.7442157451923077
0.7409855769230769
0.7387319711538461
0.7347506009615384
0.7415114182692307
0.7412860576923077
0.7389573317307693
0.7415865384615384
0.7481971153846154
0.7399338942307693
0.7385066105769231
0.7341496394230769
0.7373798076923077
0.7374549278846154
0.7424879807692307
0.7436899038461539
0.7449669471153846
0.7393329326923077
0.7448167067307693
0.7414362980769231
0.7406850961538461
0.744140625
0.7454927884615384
0.7448918269230769
0.7446664663461539
0.7411358173076923
0.7397085336538461
0.7409855769230769
0.7436899038461539
0.7454176682692307
0.7472956730769231
0.7380558894230769
0.7478966346153846
0.7443659855769231
0.7432391826923077
0.7456430288461539
0.7449669471153846
0.7443659855769231
0.7397085336538461
0.7406850961538461
0.736328125
0.740234375
0.7436147836538461
0.7419621394230769
0.7378305288461539
0.7416616586538461
0.7400090144230769
0.7492487980769231
0.7469200721153846
0.7419621394230769
0.7405348557692307
0.7357271634615384
0.7415865384615384
0.7433143028846154
0.7397085336538461
0.7474459134615384
0.7527043269230769
0.7483473557692307
0.7429387019230769
0.7386568509615384
0.7435396634615384
0.7415114182692307
0.7493990384615384
0.7463942307692307
0.7428635817307693
0.7447415865384616
0.7472205528846154
0.7439152644230769
0.7474459134615384
0.7460186298076923
0.7408353365384616
0.7417367788461539
0.7454176682692307
0.7457932692307693
0.7394080528846154
0.7452674278846154
0.7443659855769231
0.7455679086538461
0.7477463942307693
0.7431640625
0.7410606971153846
0.7390324519230769
0.7412860576923077
0.7433894230769231
0.7456430288461539
0.7527794471153846
0.7467698317307693
0.7549579326923077
0.7492487980769231
0.7509014423076923
0.7456430288461539
0.7496243990384616
0.7515024038461539
0.7471454326923077
0.7474459134615384
0.7433143028846154
0.7433894230769231
0.7534555288461539
0.7450420673076923
0.7491736778846154
0.7472956730769231
0.7537560096153846
0.7611177884615384
0.75
0.7498497596153846
0.7532301682692307
0.7470703125
0.7507512019230769
0.7511268028846154
0.7469951923076923
0.7548828125
0.7537560096153846
0.7515024038461539
0.75390625
0.7515024038461539
0.7502253605769231
0.7491736778846154
0.751953125
0.7516526442307693
0.7565354567307693
0.7489483173076923
0.7499248798076923
0.7507512019230769
0.7501502403846154
0.759765625
0.7515775240384616
0.7469200721153846
0.7527794471153846
0.7505258413461539
0.7451923076923077
0.7542067307692307
0.7497746394230769
0.7498497596153846
0.7469200721153846
0.7483473557692307
0.7465444711538461
0.7509765625
0.7497746394230769
0.7543569711538461
0.7502253605769231
0.7512770432692307
0.7552584134615384
0.7509765625
0.7443659855769231
0.7503004807692307
0.7535306490384616
0.7516526442307693
0.7529296875
0.7559344951923077
0.7516526442307693
0.7599909855769231
0.7615685096153846
0.7509014423076923
0.7513521634615384
0.7525540865384616
0.7568359375
0.7543569711538461
0.7560096153846154
0.7590895432692307
0.7577373798076923
0.7595402644230769
0.7551081730769231
0.7532301682692307
0.7494741586538461
0.7518780048076923
0.7527043269230769
0.7539813701923077
0.7576622596153846
0.7557842548076923
0.7502253605769231
0.7566856971153846
0.7563852163461539
0.75390625
0.7557842548076923
0.7536808894230769
0.7584885817307693
0.7523287259615384
0.7517277644230769
0.7544320913461539
0.7517277644230769
0.7505258413461539
0.7566856971153846
0.7586388221153846
0.7522536057692307
0.7553335336538461
0.7514272836538461
0.7515775240384616
0.7528545673076923
0.7583383413461539
0.7652493990384616
0.7602163461538461
0.7572115384615384
0.7548076923076923
0.7533052884615384
0.7530048076923077
0.7644981971153846
0.7561598557692307
0.7588641826923077
0.7591646634615384
0.7584885817307693
0.7585637019230769
0.7578876201923077
0.7569110576923077
0.7640474759615384
0.7602163461538461
0.7644981971153846
0.7585637019230769
0.7607421875
0.7578125
0.7632962740384616
0.7613431490384616
0.7647235576923077
0.7655498798076923
0.7686298076923077
0.7633713942307693
0.7608924278846154
0.7634465144230769
0.7653245192307693
0.7600661057692307
0.7653245192307693
0.7671274038461539
0.7680288461538461
0.7681039663461539
0.7629957932692307
0.7557842548076923
0.7618689903846154
0.7610426682692307
0.7632211538461539
0.7649489182692307
0.7622445913461539
0.7654747596153846
0.7590144230769231
0.7646484375
0.7579627403846154
0.7601412259615384
0.7632962740384616
0.7599909855769231
0.7603665865384616
0.7583383413461539
0.7612680288461539
0.7640474759615384
0.7613431490384616
0.7623948317307693
0.7579627403846154
0.7650991586538461
0.7644981971153846
0.7685546875
0.7610426682692307
0.7609675480769231
0.7653996394230769
0.7653245192307693
0.7657752403846154
0.7702824519230769
0.7666015625
0.7622445913461539
0.7678786057692307
0.7654747596153846
0.7633713942307693
0.7678034855769231
0.7692307692307693
0.7671274038461539
0.7676532451923077
0.7677283653846154
0.7635967548076923
0.7613431490384616
0.7667518028846154
0.7657752403846154
0.7604417067307693
0.7670522836538461
0.7674278846153846
0.765625
0.7654747596153846
0.7721604567307693
0.7678034855769231
0.7658503605769231
0.7669020432692307
0.7663762019230769
0.7670522836538461
0.7709585336538461
0.7699068509615384
0.7660006009615384
0.7689302884615384
0.7709585336538461
0.7660757211538461
0.7637469951923077
0.7669020432692307
0.76953125
0.7660757211538461
0.7688551682692307
0.7728365384615384
0.7711087740384616
0.7754657451923077
0.7762920673076923
0.7794471153846154
0.7745643028846154
0.7674278846153846
0.7693058894230769
0.7661508413461539
0.7771183894230769
0.7718599759615384
0.771484375
0.7663762019230769
0.7764423076923077
0.7730618990384616
0.7688551682692307
0.7707331730769231
0.7723858173076923
0.7742638221153846
0.7737379807692307
0.7744140625
0.7747145432692307
0.7779447115384616
0.7789212740384616
0.7798978365384616
0.7723106971153846
0.7754657451923077
0.7758413461538461
0.7814753605769231
0.7765925480769231
0.7817007211538461
0.7710336538461539
0.7699068509615384
0.7728365384615384
0.7765925480769231
0.7694561298076923
0.7723858173076923
0.7725360576923077
0.7685546875
0.7708082932692307
0.7699068509615384
0.7706580528846154
0.7735877403846154
0.7817007211538461
0.7750901442307693
0.7733623798076923
0.7717097355769231
0.7751652644230769
0.7743389423076923
0.7723106971153846
0.771484375
0.7779447115384616
0.7763671875
0.7747145432692307
0.7787710336538461
0.7820012019230769
0.7876352163461539
0.7766676682692307
0.7834284855769231
0.7803485576923077
0.7841045673076923
0.7823016826923077
0.783203125
0.7810246394230769
0.7844050480769231
0.7795222355769231
0.7814753605769231
0.7833533653846154
0.7856820913461539
0.7843299278846154
0.7831280048076923
0.7802734375
0.783203125
0.7831280048076923
0.7837289663461539
0.7865835336538461
0.7820012019230769
0.7829026442307693
0.7838040865384616
0.7838040865384616
0.7865084134615384
0.7940204326923077
0.7892127403846154
0.7801983173076923
0.7859825721153846
0.7819260817307693
0.7829026442307693
0.7874098557692307
0.7822265625
0.7817758413461539
0.7806490384615384
0.7789963942307693
0.7835787259615384
0.7872596153846154
0.7873347355769231
0.783203125
0.7778695913461539
0.779296875
0.7798978365384616
0.7817007211538461
0.7819260817307693
0.7803485576923077
0.7842548076923077
0.7879356971153846
0.7848557692307693
0.7859825721153846
0.7847055288461539
0.7809495192307693
0.7845552884615384
0.7845552884615384
0.7861328125
0.78515625
0.7909405048076923
0.7952223557692307
0.7901893028846154
0.7909405048076923
0.7850060096153846
0.7850060096153846
0.7860576923076923
0.7880108173076923
0.7864332932692307
0.7893629807692307
0.791015625
0.7895132211538461
0.7880108173076923
0.7877854567307693
0.7902644230769231
0.7942457932692307
0.7927433894230769
0.7914663461538461
0.7944711538461539
0.7913912259615384
0.7965745192307693
0.7912409855769231
0.7919170673076923
0.7931189903846154
0.7951472355769231
0.7997295673076923
0.8005558894230769
0.8031099759615384
0.8010066105769231
0.8062650240384616
0.8075420673076923
0.8061899038461539
0.8035606971153846
0.8043118990384616
0.8050631009615384
0.8079176682692307
0.8132512019230769
0.8185096153846154
0.814453125
0.8129507211538461
0.8157301682692307
0.8148287259615384
0.8125751201923077
0.8181340144230769
0.8161808894230769
0.8151292067307693
0.8152043269230769
0.8219651442307693
0.8212139423076923
0.8218900240384616
0.8248948317307693
0.8256460336538461
0.8233173076923077
0.8326322115384616
0.828125
0.8273737980769231
0.8282001201923077
0.8335336538461539
0.8312049278846154
0.8298527644230769
0.8294771634615384
0.8334585336538461
0.8387920673076923
0.8383413461538461
0.8375901442307693
0.8341346153846154
0.8351862980769231
0.8389423076923077
0.8362379807692307
0.8396935096153846
0.8433743990384616
0.8472055288461539
0.8490084134615384
0.8493840144230769
0.8475811298076923
0.8488581730769231
0.8499098557692307
0.8477313701923077
0.8522385817307693
0.8532151442307693
0.8529146634615384
0.8567457932692307
0.859375
0.8629807692307693
0.8658353365384616
0.8658353365384616
0.8716195913461539
0.8698167067307693
0.8656850961538461
0.8695162259615384
0.8744741586538461
0.8784555288461539
0.8741736778846154
0.8751502403846154
0.8787560096153846
0.8823617788461539
0.8858924278846154
0.8837139423076923
0.8846153846153846
0.8850661057692307
0.8869441105769231
0.8835637019230769
0.8861177884615384
0.8888972355769231
0.8943058894230769
0.89453125
0.8973106971153846
0.8975360576923077
0.8975360576923077
0.9005408653846154
0.8997145432692307
0.9017427884615384
0.8997896634615384
0.8985126201923077
0.8989633413461539
0.8985126201923077
0.8958082932692307
0.9060997596153846
0.9091796875
0.9064753605769231
0.9034705528846154
0.9045222355769231
0.9045222355769231
0.9121844951923077
0.9081280048076923
0.9048227163461539
0.9099308894230769
0.9122596153846154
0.91015625
0.91015625
0.9113581730769231
0.9128605769230769
0.9136117788461539
0.9124098557692307
0.9147385817307693
0.9163912259615384
0.9164663461538461
0.9195462740384616
0.9181189903846154
0.919921875
0.9185697115384616
0.9245042067307693
0.9245793269230769
0.9210486778846154
0.9217247596153846
0.9248798076923077
0.9269080528846154
0.9265324519230769
0.9296123798076923
0.9294621394230769
0.9308894230769231
0.9320162259615384
0.9300631009615384
0.9329927884615384
0.9297626201923077
0.9314152644230769
0.9332181490384616
0.9333683894230769
0.9364483173076923
0.9372746394230769
0.9388521634615384
0.9383263221153846
0.9368239182692307
0.9371243990384616
0.9393028846153846
0.9411808894230769
0.9426081730769231
0.9444861778846154
0.9455378605769231
0.9418569711538461
0.9438852163461539
0.9443359375
0.9439603365384616
0.9470402644230769
0.9480168269230769
0.9481670673076923
0.9478665865384616
0.9489182692307693
0.9456881009615384
0.9453125
0.9479417067307693
0.9498948317307693
0.9530498798076923
0.9516225961538461
0.9504957932692307
0.9528996394230769
0.9534254807692307
0.9543269230769231
0.9500450721153846
0.9547025240384616
0.9540264423076923
0.9528996394230769
0.955078125
0.9537259615384616
0.9532001201923077
0.9527493990384616
0.9580829326923077
0.9602614182692307
0.9595102163461539
0.9567307692307693
0.9564302884615384
0.9569561298076923
0.9584585336538461
0.9595102163461539
0.9574819711538461
0.9604116586538461
0.9613131009615384
0.9601862980769231
0.9601111778846154
0.9587590144230769
0.9592848557692307
0.9593599759615384
0.9606370192307693
