0.9606370192307693
0.9619140625
0.9627403846153846
0.9609375
0.9612379807692307
0.9613131009615384
0.9617638221153846
0.9623647836538461
0.9634164663461539
0.9623647836538461
0.9599609375
0.9629657451923077
0.9637169471153846
0.9628155048076923
0.9631911057692307
0.9633413461538461
0.9653695913461539
0.9641676682692307
0.9631159855769231
0.9634915865384616
0.9631159855769231
0.9615384615384616
0.9622145432692307
0.9625901442307693
0.9621394230769231
0.9633413461538461
0.9642427884615384
0.9653695913461539
0.9637920673076923
0.9653695913461539
0.9654447115384616
0.96484375
0.9637169471153846
0.9649939903846154
0.9617638221153846
0.9613882211538461
0.9637920673076923
0.9616135817307693
0.9624399038461539
0.9631911057692307
0.9610126201923077
0.9609375
0.9619140625
0.9626652644230769
0.9622896634615384
0.9640925480769231
0.9640925480769231
0.9636418269230769
0.9656700721153846
0.9646183894230769
0.9668719951923077
0.9663461538461539
0.9640925480769231
0.9638671875
0.9659705528846154
0.9636418269230769
0.9641676682692307
0.9644681490384616
0.9676983173076923
0.9650691105769231
0.9649939903846154
0.9673227163461539
0.9637920673076923
0.9642427884615384
0.9665715144230769
0.9652193509615384
0.9632662259615384
0.9604116586538461
0.9624399038461539
0.9660456730769231
0.9643930288461539
0.9639423076923077
0.9647686298076923
0.962890625
0.9638671875
0.9644681490384616
0.9641676682692307
0.9644681490384616
0.9661207932692307
0.9686748798076923
0.9653695913461539
0.9658203125
0.9627403846153846
0.9630408653846154
0.9620643028846154
0.9651442307692307
0.9652944711538461
0.9645432692307693
0.9653695913461539
0.9642427884615384
0.9643930288461539
0.9631159855769231
0.9634915865384616
0.9652944711538461
0.9672475961538461
0.9663461538461539
0.9660456730769231
0.9634915865384616
0.9653695913461539
0.9655949519230769
0.9661959134615384
0.9680739182692307
0.9710787259615384
0.9681490384615384
0.9654447115384616
0.9659705528846154
0.9643179086538461
0.9651442307692307
0.9639423076923077
0.9658203125
0.9645432692307693
0.962890625
0.9641676682692307
0.9611628605769231
0.9630408653846154
0.9624399038461539
0.9640925480769231
0.9643179086538461
0.9634915865384616
0.962890625
0.9653695913461539
0.9664212740384616
0.9657451923076923
0.966796875
0.9657451923076923
0.9695012019230769
0.9680739182692307
0.9690504807692307
0.9677734375
0.9690504807692307
0.9728064903846154
0.9713040865384616
0.970703125
0.9710036057692307
0.9676983173076923
0.9701021634615384
0.9708533653846154
0.9679987980769231
0.9673978365384616
0.9685997596153846
0.9649939903846154
0.9674729567307693
0.9696514423076923
0.9701772836538461
0.9722055288461539
0.9708533653846154
0.9680739182692307
0.9692007211538461
0.9714543269230769
0.9737830528846154
0.9699519230769231
0.9685997596153846
0.9723557692307693
0.9706280048076923
0.9722806490384616
0.9701021634615384
0.9691256009615384
0.9694260817307693
0.9707782451923077
0.9701772836538461
0.9673227163461539
0.9715294471153846
0.9701021634615384
0.9722806490384616
0.9729567307692307
0.9713792067307693
0.9670222355769231
0.9695763221153846
0.9697265625
0.9707782451923077
0.9717548076923077
0.9694260817307693
0.9705528846153846
0.9689753605769231
0.9717548076923077
0.9698016826923077
0.9731069711538461
0.9695763221153846
0.9713040865384616
0.9689753605769231
0.9722055288461539
0.9690504807692307
0.9704777644230769
0.9719801682692307
0.9728816105769231
0.9705528846153846
0.9714543269230769
0.9702524038461539
0.970703125
0.9724308894230769
0.9696514423076923
0.9702524038461539
0.9721304086538461
0.9719801682692307
0.9736328125
0.970703125
0.9720552884615384
0.9719050480769231
0.9712289663461539
0.9694260817307693
0.9692758413461539
0.9716796875
0.9700270432692307
0.9685246394230769
0.9680739182692307
0.9692758413461539
0.9680739182692307
0.9672475961538461
0.9693509615384616
0.9701021634615384
0.9692007211538461
0.9686748798076923
0.9655198317307693
0.9689002403846154
0.9666466346153846
0.9693509615384616
0.9650691105769231
0.9664963942307693
0.9673227163461539
0.9682992788461539
0.9665715144230769
0.9689753605769231
0.96875
0.9695763221153846
0.9675480769230769
0.9679236778846154
0.9662710336538461
0.9649188701923077
0.9655198317307693
0.9686748798076923
0.9658203125
0.966796875
0.96875
0.9671724759615384
0.9675480769230769
0.9676983173076923
0.9670973557692307
0.9673227163461539
0.9640925480769231
0.9673978365384616
0.9658203125
0.9681490384615384
0.9685997596153846
0.9653695913461539
0.9673978365384616
0.9693509615384616
0.9668719951923077
0.9681490384615384
0.9669471153846154
0.9625150240384616
0.9662710336538461
0.9666466346153846
0.9646183894230769
0.9660456730769231
0.9649939903846154
0.9654447115384616
0.9636418269230769
0.9642427884615384
0.9638671875
0.9653695913461539
0.9629657451923077
0.9651442307692307
0.9621394230769231
0.9658203125
0.9663461538461539
0.9668719951923077
0.9700270432692307
0.9677734375
0.9679236778846154
0.9691256009615384
0.9649939903846154
0.9671724759615384
0.9643930288461539
0.9650691105769231
0.9659705528846154
0.9615384615384616
0.9590594951923077
0.9623647836538461
0.9624399038461539
0.9641676682692307
0.9635667067307693
0.9644681490384616
0.9638671875
0.9625901442307693
0.9608623798076923
0.9645432692307693
0.9662710336538461
0.9674729567307693
0.9612379807692307
0.9639423076923077
0.9631911057692307
0.9632662259615384
0.96484375
0.9619140625
0.9659705528846154
0.9619140625
0.9638671875
0.9588341346153846
0.9609375
0.9619891826923077
0.9592097355769231
0.9601862980769231
0.9600360576923077
0.9606370192307693
0.9629657451923077
0.9595102163461539
0.9643179086538461
0.9613882211538461
0.9629657451923077
0.9640174278846154
0.9625150240384616
0.9640925480769231
0.9649188701923077
0.9631159855769231
0.9626652644230769
0.962890625
0.9601111778846154
0.9613882211538461
0.9637169471153846
0.9637920673076923
0.9616887019230769
0.9616887019230769
0.9601862980769231
0.9647686298076923
0.9627403846153846
0.9626652644230769
0.9597355769230769
0.9574068509615384
0.9588341346153846
0.9607872596153846
0.9613131009615384
0.9594350961538461
0.9583834134615384
0.9606370192307693
0.9613131009615384
0.9603365384615384
0.9604116586538461
0.9605618990384616
0.9618389423076923
0.9593599759615384
0.9589092548076923
0.9608623798076923
0.9580078125
0.9598106971153846
0.9588341346153846
0.9595102163461539
0.9574068509615384
0.9562800480769231
0.9595102163461539
0.9635667067307693
0.9593599759615384
0.9609375
0.9562049278846154
0.9578575721153846
0.9592848557692307
0.9585336538461539
0.9581580528846154
0.9551532451923077
0.95703125
0.9622896634615384
0.9567307692307693
0.9593599759615384
0.9555288461538461
0.9544771634615384
0.9551532451923077
0.9535006009615384
0.9516225961538461
0.9545522836538461
0.9554537259615384
0.9555288461538461
0.9567307692307693
0.9578575721153846
0.9574068509615384
0.9551532451923077
0.9547776442307693
0.9537259615384616
0.9516977163461539
0.9563551682692307
0.9576322115384616
0.9567307692307693
0.9574068509615384
0.9556790865384616
0.9544020432692307
0.9520733173076923
0.9515474759615384
0.9554537259615384
0.9575570913461539
0.9555288461538461
0.953125
0.9544771634615384
0.9585336538461539
0.9557542067307693
0.9529747596153846
0.9522986778846154
0.95703125
0.9550030048076923
0.9536508413461539
0.9544020432692307
0.9537259615384616
0.9539513221153846
0.9518479567307693
0.9513221153846154
0.9509465144230769
0.9534254807692307
0.9508713942307693
0.9516225961538461
0.9547025240384616
0.9517728365384616
0.9505709134615384
0.9532752403846154
0.9515474759615384
0.9486177884615384
0.9480168269230769
0.9489933894230769
0.9517728365384616
0.9498948317307693
0.9496694711538461
0.94921875
0.9463641826923077
0.9498197115384616
0.9471905048076923
0.9464393028846154
0.9463641826923077
0.9486929086538461
0.9464393028846154
0.9483173076923077
0.9483924278846154
0.9487680288461539
0.9475661057692307
0.9504206730769231
0.9463641826923077
0.9450120192307693
0.9469651442307693
0.9447115384615384
0.9475661057692307
0.9477914663461539
0.9429086538461539
0.9469651442307693
0.9485426682692307
0.9450871394230769
0.9453125
0.9437349759615384
0.9424579326923077
0.9419320913461539
0.9403545673076923
0.9421574519230769
0.9406550480769231
0.9459885817307693
0.9437349759615384
0.9421574519230769
0.9415564903846154
0.9456129807692307
0.9435096153846154
0.9435847355769231
0.9466646634615384
0.9458383413461539
0.9425330528846154
0.9401292067307693
0.9438100961538461
0.9381009615384616
0.9448617788461539
0.9450871394230769
0.9425330528846154
0.9405799278846154
0.9432842548076923
0.9479417067307693
0.9449368990384616
0.9440354567307693
0.9447115384615384
0.9468149038461539
0.9468149038461539
0.9438100961538461
0.9496694711538461
0.9438852163461539
0.9425330528846154
0.9427584134615384
0.9457632211538461
0.9438100961538461
0.9450120192307693
0.9415564903846154
0.9408804086538461
0.9432091346153846
0.9447866586538461
0.9453876201923077
0.9404296875
0.9464393028846154
0.9411057692307693
0.9411808894230769
0.9375
0.9352463942307693
0.9314903846153846
0.9352463942307693
0.9334435096153846
0.9350210336538461
0.9359975961538461
0.9359975961538461
0.9341195913461539
0.9331430288461539
0.9356971153846154
0.9325420673076923
0.9341947115384616
0.9353966346153846
0.9350210336538461
0.9274338942307693
0.9290865384615384
0.9292367788461539
0.9298377403846154
0.9269831730769231
0.9303635817307693
0.9245793269230769
0.9248798076923077
0.9265324519230769
0.9289362980769231
0.9295372596153846
0.9255558894230769
0.9261568509615384
0.9234525240384616
0.9285606971153846
0.9252554086538461
0.9242788461538461
0.9212740384615384
0.9264573317307693
0.9237530048076923
0.9219501201923077
0.9228515625
0.9203725961538461
0.91796875
0.9139873798076923
0.9181189903846154
0.9167668269230769
0.9215745192307693
0.9166165865384616
0.9166917067307693
0.9193209134615384
0.9188701923076923
0.919921875
0.9151141826923077
0.9145883413461539
0.9151893028846154
0.9200721153846154
0.9171424278846154
0.9163161057692307
0.9198467548076923
0.916015625
0.9172926682692307
0.9162409855769231
0.91796875
0.9117337740384616
0.9137620192307693
0.9106069711538461
0.9130108173076923
0.9112079326923077
0.9063251201923077
0.9102313701923077
0.9091796875
0.9093299278846154
0.9060997596153846
0.9112079326923077
0.9079026442307693
0.9061748798076923
0.9080528846153846
0.9056490384615384
0.9046724759615384
0.9078275240384616
0.9006159855769231
0.9039212740384616
0.9012920673076923
0.8948317307692307
0.8971604567307693
0.8982872596153846
0.8916015625
0.8913762019230769
0.8900240384615384
0.8883713942307693
0.8878455528846154
0.8873948317307693
0.8861929086538461
0.8810096153846154
0.8797325721153846
0.8803335336538461
0.8843900240384616
0.8845402644230769
0.8777794471153846
0.8850661057692307
0.8851412259615384
0.8843149038461539
0.8851412259615384
0.8804837740384616
0.8803335336538461
0.8786808894230769
0.8789813701923077
0.8802584134615384
0.8785306490384616
0.8841646634615384
0.8813100961538461
0.8788311298076923
0.8765024038461539
0.8780048076923077
0.8707181490384616
0.8713942307692307
0.8688401442307693
0.8786808894230769
0.8726712740384616
0.8729717548076923
0.8690655048076923
0.8686147836538461
0.8688401442307693
0.8641075721153846
0.8661358173076923
0.8715444711538461
0.8645582932692307
0.8638822115384616
0.8659855769230769
0.8638822115384616
0.8618539663461539
0.8623046875
0.8589993990384616
0.8580228365384616
0.8560697115384616
0.8602764423076923
0.8582481971153846
0.8533653846153846
0.8541917067307693
0.8520883413461539
0.8506610576923077
0.8457782451923077
0.8405949519230769
0.8442758413461539
0.8417217548076923
0.8312800480769231
0.8348106971153846
0.83203125
0.828125
0.833984375
0.8308293269230769
0.8297025240384616
0.8297776442307693
0.8272235576923077
0.8185847355769231
0.8181340144230769
0.8148287259615384
0.8150540865384616
0.8122746394230769
0.8070913461538461
0.8073167067307693
0.8031850961538461
0.8047626201923077
0.7971754807692307
0.7947716346153846
0.7991286057692307
0.7937950721153846
0.7874849759615384
0.7842548076923077
0.7809495192307693
0.779296875
0.7796724759615384
0.7825270432692307
0.7759164663461539
0.775390625
0.7734375
0.7702073317307693
0.7733623798076923
0.7606670673076923
0.7665264423076923
0.7615685096153846
0.7626953125
0.7537560096153846
0.7502253605769231
0.7552584134615384
0.7507512019230769
0.7542818509615384
0.7533052884615384
0.7533804086538461
0.75
0.7476712740384616
0.7440655048076923
0.7394831730769231
0.7353515625
0.7300931490384616
0.7416616586538461
0.7335486778846154
0.7361778846153846
0.7326472355769231
0.7347506009615384
0.7342247596153846
0.7300180288461539
0.7301682692307693
0.7352764423076923
0.73828125
0.7311448317307693
0.7264122596153846
0.7297175480769231
0.7373798076923077
0.734375
0.7324969951923077
0.7342247596153846
0.7339242788461539
0.7359525240384616
0.7336989182692307
0.7273137019230769
0.7392578125
0.7384314903846154
0.7352764423076923
0.7353515625
0.7308443509615384
0.7299429086538461
0.7338491586538461
0.7394831730769231
0.7355018028846154
0.7337740384615384
0.7284405048076923
0.7270883413461539
0.73046875
0.734375
0.7321213942307693
0.7289663461538461
0.7310697115384616
0.7337740384615384
0.7358022836538461
0.7381310096153846
0.7309194711538461
0.7312950721153846
0.7346003605769231
0.7324969951923077
0.7307692307692307
0.7302433894230769
0.7291917067307693
0.7284405048076923
0.7267127403846154
0.7278395432692307
0.7265625
0.7265625
0.7271634615384616
0.7303185096153846
0.7282902644230769
0.7318209134615384
0.7299429086538461
0.7295673076923077
0.7316706730769231
0.7297175480769231
0.7253605769230769
0.7374549278846154
0.7318209134615384
0.7338491586538461
0.7354266826923077
0.7298677884615384
0.7270132211538461
0.7299429086538461
0.7244591346153846
0.7303936298076923
0.7326472355769231
0.7266376201923077
0.7255108173076923
0.7278395432692307
0.7352764423076923
0.7341496394230769
0.7305438701923077
0.7316706730769231
0.7244591346153846
0.7288912259615384
0.7300180288461539
0.7275390625
0.7317457932692307
0.7294921875
0.7227313701923077
0.7246844951923077
0.7300931490384616
0.7285907451923077
0.7314453125
0.7323467548076923
0.724609375
0.7336237980769231
0.7234074519230769
0.7267127403846154
0.7307692307692307
0.7211538461538461
0.7273888221153846
0.7234825721153846
0.7213040865384616
0.7255859375
0.7278395432692307
0.7282151442307693
0.7261117788461539
0.7246844951923077
0.7235576923076923
0.7280649038461539
0.7252854567307693
0.7263371394230769
0.7234825721153846
0.7265625
0.7385066105769231
0.7241586538461539
0.7225811298076923
0.7305438701923077
0.7198768028846154
0.7261868990384616
0.7305438701923077
0.7290414663461539
0.7267127403846154
0.7296424278846154
0.7280649038461539
0.7247596153846154
0.7291165865384616
0.7297175480769231
0.7255108173076923
0.7267878605769231
0.7258112980769231
0.7225060096153846
0.7247596153846154
0.7216796875
0.7245342548076923
0.7231820913461539
0.7263371394230769
0.724609375
0.7266376201923077
0.7201021634615384
0.7212289663461539
0.7281400240384616
0.7216796875
0.7232572115384616
0.7279146634615384
0.7265625
0.7234825721153846
0.7282151442307693
0.7276141826923077
0.7229567307692307
0.7192758413461539
0.7137169471153846
0.7282902644230769
0.7279897836538461
0.7175480769230769
0.7255108173076923
0.7249098557692307
0.7240835336538461
0.7246844951923077
0.7178485576923077
0.7258112980769231
0.7206280048076923
0.72265625
0.7237830528846154
0.7159705528846154
0.7211538461538461
0.7204777644230769
0.7266376201923077
0.7190504807692307
0.7264122596153846
0.7276141826923077
0.7301682692307693
0.7213792067307693
0.720703125
0.7218299278846154
0.7246844951923077
0.7264122596153846
0.7186748798076923
0.7182992788461539
0.7243088942307693
0.7136418269230769
0.7185997596153846
0.7158954326923077
0.7192758413461539
0.7264873798076923
0.7189002403846154
0.7170973557692307
0.7192758413461539
0.7225811298076923
0.7228064903846154
0.7235576923076923
0.7199519230769231
0.7223557692307693
0.7237830528846154
0.7161959134615384
0.7225811298076923
0.7194260817307693
0.7198016826923077
0.7210036057692307
0.7183743990384616
0.7196514423076923
0.7205528846153846
0.7176983173076923
0.7209284855769231
0.7210787259615384
0.7160456730769231
0.7169471153846154
0.7193509615384616
0.7190504807692307
0.7204026442307693
0.7234074519230769
0.7229567307692307
0.7180739182692307
0.7196514423076923
0.7144681490384616
0.7243840144230769
0.7170973557692307
0.7166466346153846
0.7163461538461539
0.7190504807692307
0.7237079326923077
0.7242337740384616
0.7175480769230769
0.7168719951923077
0.7198016826923077
0.7158203125
0.7254356971153846
0.7161959134615384
0.7180739182692307
0.7188251201923077
0.7107121394230769
0.7222806490384616
0.7222806490384616
0.7106370192307693
0.7201772836538461
0.71875
0.7162710336538461
0.7222806490384616
0.7173978365384616
0.7169471153846154
0.7093599759615384
0.7154447115384616
0.7214543269230769
0.7195012019230769
0.7168719951923077
0.7165715144230769
0.7159705528846154
0.7165715144230769
0.71484375
0.7183743990384616
0.7125901442307693
0.7115384615384616
0.7104867788461539
0.7181490384615384
0.7130408653846154
0.7161207932692307
0.7207782451923077
0.7155198317307693
0.7197265625
0.7163461538461539
0.7182992788461539
0.7122145432692307
0.720703125
0.7175480769230769
0.7200270432692307
0.7189002403846154
0.7128155048076923
0.7113131009615384
0.7112379807692307
0.7163461538461539
0.7127403846153846
0.7077824519230769
0.7167217548076923
0.7199519230769231
0.7097355769230769
0.7166466346153846
0.7185246394230769
0.7092848557692307
0.7072566105769231
0.7162710336538461
0.7121394230769231
0.7108623798076923
0.7193509615384616
0.7143179086538461
0.7201772836538461
0.720703125
0.7201021634615384
0.7169471153846154
0.7124399038461539
0.7170222355769231
0.7208533653846154
0.7150691105769231
0.7119140625
0.7143179086538461
0.7059044471153846
0.7164963942307693
0.7116135817307693
0.7112379807692307
0.7183743990384616
0.7131159855769231
0.712890625
0.7150691105769231
0.7140925480769231
0.7125901442307693
0.7128155048076923
0.7137169471153846
0.7176231971153846
0.7104116586538461
0.7096604567307693
0.7190504807692307
0.7119140625
0.7112379807692307
0.7171724759615384
0.7120643028846154
0.7149188701923077
0.7103365384615384
0.7126652644230769
0.7129657451923077
0.7155198317307693
0.7131911057692307
0.7056039663461539
0.7129657451923077
0.7097355769230769
0.7092097355769231
0.7085336538461539
