0.6888020833333334
0.680419921875
0.6826985677083334
0.677734375
0.6796061197916666
0.682373046875
0.6756998697916666
0.6778157552083334
0.6803385416666666
0.6792805989583334
0.67529296875
0.6715494791666666
0.6748860677083334
0.6761067708333334
0.6793619791666666
0.6788736979166666
0.678466796875
0.6748860677083334
0.6825358072916666
0.6743977864583334
0.6756184895833334
0.6749674479166666
0.6747233072916666
0.6805013020833334
0.68310546875
0.6783854166666666
0.682373046875
0.6764322916666666
0.677490234375
0.6778971354166666
0.6783040364583334
0.679931640625
0.676513671875
0.6825358072916666
0.6788736979166666
0.676025390625
0.6793619791666666
0.6842447916666666
0.6829427083333334
0.6761067708333334
0.677490234375
0.6725260416666666
0.6795247395833334
0.6829427083333334
0.6787109375
0.6803385416666666
0.6808268229166666
0.6774088541666666
0.6839192708333334
0.6819661458333334
0.680419921875
0.6717122395833334
0.67822265625
0.6707356770833334
0.6812337239583334
0.6741536458333334
0.6759440104166666
0.677001953125
0.6764322916666666
0.6766764322916666
0.6819661458333334
0.6824544270833334
0.6796061197916666
0.6841634114583334
0.681884765625
0.6818033854166666
0.6783040364583334
0.683837890625
0.6826171875
0.68310546875
0.6891276041666666
0.6796875
0.6810709635416666
0.670166015625
0.6778971354166666
0.6841634114583334
0.6827799479166666
0.6787109375
0.6829427083333334
0.6819661458333334
0.6780598958333334
0.683837890625
0.6841634114583334
0.6805826822916666
0.6800944010416666
0.6842447916666666
0.6831868489583334
0.681640625
0.6831868489583334
0.679443359375
0.6768391927083334
0.68359375
0.68603515625
0.6783854166666666
0.6851399739583334
0.6825358072916666
0.6903483072916666
0.6826985677083334
0.679931640625
0.6839192708333334
0.67919921875
0.6829427083333334
0.6770833333333334
0.6876627604166666
0.68359375
0.683837890625
0.6778971354166666
0.6836751302083334
0.6781412760416666
0.6792805989583334
0.6885579427083334
0.6831868489583334
0.6866861979166666
0.6851399739583334
0.6807454427083334
0.6842447916666666
0.6879069010416666
0.6822102864583334
0.6770833333333334
0.6798502604166666
0.6852213541666666
0.6754557291666666
0.687255859375
0.6822102864583334
0.6875
0.6866861979166666
0.688232421875
0.6815592447916666
0.6841634114583334
0.6812337239583334
0.6840006510416666
0.68603515625
0.6875
0.6813151041666666
0.6840006510416666
0.6881510416666666
0.681884765625
0.6847330729166666
0.6787923177083334
0.6849772135416666
0.68408203125
0.6856282552083334
0.6831868489583334
0.681640625
0.6849772135416666
0.6875
0.6852213541666666
0.6895345052083334
0.6866861979166666
0.685791015625
0.685791015625
0.6900227864583334
0.6783854166666666
0.686767578125
0.689697265625
0.6870930989583334
0.6869303385416666
0.6904296875
0.6830240885416666
0.68505859375
0.6837565104166666
0.6827799479166666
0.6844889322916666
0.6858723958333334
0.6836751302083334
0.6846516927083334
0.6754557291666666
0.6884765625
0.68408203125
0.6880696614583334
0.6909993489583334
0.683349609375
0.686767578125
0.6863606770833334
0.681640625
0.6845703125
0.689453125
0.691162109375
0.682861328125
0.6875813802083334
0.690185546875
0.6875
0.6847330729166666
0.6846516927083334
0.6832682291666666
0.6852213541666666
0.6900227864583334
0.691650390625
0.6892903645833334
0.683349609375
0.685546875
0.6892903645833334
0.6854654947916666
0.6888834635416666
0.6896158854166666
0.6929524739583334
0.6914876302083334
0.69287109375
0.6852213541666666
0.6881510416666666
0.6890462239583334
0.6940104166666666
0.6890462239583334
0.68505859375
0.69140625
0.6929524739583334
0.6898600260416666
0.6922200520833334
0.6903483072916666
0.6818033854166666
0.6878255208333334
0.691650390625
0.6870930989583334
0.6879069010416666
0.6832682291666666
0.6859537760416666
0.6925455729166666
0.6874186197916666
0.6954752604166666
0.6897786458333334
0.6848958333333334
0.68896484375
0.6830240885416666
0.6918131510416666
0.685791015625
0.6995442708333334
0.691162109375
0.6913248697916666
0.6852213541666666
0.6949869791666666
0.6912434895833334
0.6943359375
0.6951497395833334
0.697509765625
0.6907552083333334
0.691162109375
0.695068359375
0.6930338541666666
0.6932779947916666
0.6949869791666666
0.6925455729166666
0.6953938802083334
0.69384765625
0.6874186197916666
0.689697265625
0.6922200520833334
0.6881510416666666
0.692138671875
0.6932779947916666
0.6953938802083334
0.69189453125
0.6932779947916666
0.6875
0.68798828125
0.6861979166666666
0.69189453125
0.69580078125
0.6907552083333334
0.691650390625
0.6924641927083334
0.6941731770833334
0.6904296875
0.6896158854166666
0.687744140625
0.6923828125
0.693115234375
0.6937662760416666
0.68701171875
0.685302734375
0.6885579427083334
0.6913248697916666
0.6920572916666666
0.6952311197916666
0.6963704427083334
0.6923828125
0.6949869791666666
0.6898600260416666
0.6922200520833334
0.689453125
0.6915690104166666
0.6898600260416666
0.6929524739583334
0.6892903645833334
0.69140625
0.691650390625
0.6893717447916666
0.6876627604166666
0.691162109375
0.690673828125
0.6888834635416666
0.6918131510416666
0.69287109375
0.69287109375
0.6934407552083334
0.6902669270833334
0.693359375
0.6947428385416666
0.6979166666666666
0.6896158854166666
0.6934407552083334
0.6949055989583334
0.6988118489583334
0.6966145833333334
0.6952311197916666
0.6897786458333334
0.6888020833333334
0.6979166666666666
0.6918131510416666
0.6849772135416666
0.6920572916666666
0.690673828125
0.6949055989583334
0.696533203125
0.6959635416666666
0.6973470052083334
0.6907552083333334
0.6923828125
0.6949055989583334
0.687255859375
0.6966145833333334
0.699462890625
0.6931966145833334
0.6930338541666666
0.6927897135416666
0.681884765625
0.6924641927083334
0.693359375
0.6910807291666666
0.6966959635416666
0.6943359375
0.6904296875
0.6930338541666666
0.6958821614583334
0.7014973958333334
0.6953938802083334
0.6946614583333334
0.7005208333333334
0.693359375
0.697021484375
0.6941731770833334
0.693603515625
0.695556640625
0.6991373697916666
0.6897786458333334
0.68896484375
0.69580078125
0.69775390625
0.697509765625
0.6988118489583334
0.6940104166666666
0.6962890625
0.6942545572916666
0.6957194010416666
0.6949055989583334
0.6941731770833334
0.701904296875
0.698974609375
0.69921875
0.6971842447916666
0.697509765625
0.6837565104166666
0.700927734375
0.6952311197916666
0.6947428385416666
0.6957194010416666
0.6910807291666666
0.7032877604166666
0.7012532552083334
0.6979166666666666
0.6980794270833334
0.6998697916666666
0.6976725260416666
0.7030436197916666
0.6953938802083334
0.7002766927083334
0.6957194010416666
0.6959635416666666
0.692138671875
0.6930338541666666
0.6952311197916666
0.6900227864583334
0.7006022135416666
0.6931966145833334
0.6962076822916666
0.6996256510416666
0.7007649739583334
0.7013346354166666
0.699462890625
0.6963704427083334
0.7027994791666666
0.6943359375
0.698974609375
0.7007649739583334
0.6982421875
0.6988932291666666
0.7012532552083334
0.6910807291666666
0.7002766927083334
0.7010904947916666
0.7018229166666666
0.7022298177083334
0.70166015625
0.699462890625
0.6963704427083334
0.6995442708333334
0.70556640625
0.7019856770833334
0.6988118489583334
0.6971028645833334
0.7003580729166666
0.7007649739583334
0.7066243489583334
0.7085774739583334
0.698974609375
0.697265625
0.6959635416666666
0.6947428385416666
0.6973470052083334
0.6949055989583334
0.7049153645833334
0.700439453125
0.7010091145833334
0.6953938802083334
0.6984049479166666
0.6971028645833334
0.7001953125
0.6982421875
0.6944173177083334
0.69873046875
0.697998046875
0.6946614583333334
0.7014973958333334
0.7020670572916666
0.7027994791666666
0.7001139322916666
0.705810546875
0.7034505208333334
0.6991373697916666
0.7002766927083334
0.7052408854166666
0.698974609375
0.6954752604166666
0.6985677083333334
0.6971028645833334
0.700927734375
0.6959635416666666
0.703857421875
0.6963704427083334
0.695068359375
0.7013346354166666
0.7007649739583334
0.69287109375
0.69775390625
0.705810546875
0.7017415364583334
0.6971842447916666
0.698974609375
0.705322265625
0.7042643229166666
0.702392578125
0.69970703125
0.6985677083333334
0.701416015625
0.7015787760416666
0.6969401041666666
0.7027180989583334
0.7054850260416666
0.7056477864583334
0.7079264322916666
0.6980794270833334
0.7041829427083334
0.7051595052083334
0.7071126302083334
0.7068684895833334
0.703857421875
0.7080078125
0.7080891927083334
0.7081705729166666
0.7036946614583334
0.7032877604166666
0.7018229166666666
0.7066243489583334
0.7003580729166666
0.6985677083333334
0.7041829427083334
0.7045084635416666
0.7039388020833334
0.701904296875
0.7020670572916666
0.7021484375
0.70361328125
0.7035319010416666
0.7040201822916666
0.7029622395833334
0.712890625
0.701171875
0.7020670572916666
0.7093098958333334
0.6995442708333334
0.7019856770833334
0.6993815104166666
0.7054036458333334
0.7052408854166666
0.7046712239583334
0.70654296875
0.702392578125
0.7003580729166666
0.7034505208333334
0.7018229166666666
0.7074381510416666
0.705078125
0.703125
0.70361328125
0.7054850260416666
0.7037760416666666
0.7056477864583334
0.7021484375
0.69921875
0.7067057291666666
0.705078125
0.7042643229166666
0.70263671875
0.702880859375
0.703857421875
0.7051595052083334
0.702880859375
0.7106119791666666
0.709716796875
0.7093098958333334
0.7080078125
0.7040201822916666
0.702392578125
0.7027180989583334
0.7058919270833334
0.7078450520833334
0.7073567708333334
0.706787109375
0.7080891927083334
0.7096354166666666
0.709716796875
0.7057291666666666
0.7111002604166666
0.70849609375
0.7078450520833334
0.708740234375
0.7091471354166666
0.7079264322916666
0.7100423177083334
0.713134765625
0.7149251302083334
0.713623046875
0.712890625
0.7105305989583334
0.7058919270833334
0.710205078125
0.7047526041666666
0.7076822916666666
0.7054850260416666
0.7086588541666666
0.7076009114583334
0.7083333333333334
0.7073567708333334
0.7054850260416666
0.7027180989583334
0.70849609375
0.7132975260416666
0.7074381510416666
0.7103678385416666
0.7159830729166666
0.7091471354166666
0.7095540364583334
0.708251953125
0.71142578125
0.708251953125
0.705322265625
0.7105305989583334
0.714111328125
0.7141927083333334
0.7097981770833334
0.7081705729166666
0.7132975260416666
0.7158203125
0.713623046875
0.7161458333333334
0.7112630208333334
0.7062174479166666
0.7177734375
0.7140299479166666
0.7061360677083334
0.7122395833333334
0.7124837239583334
0.71630859375
0.7090657552083334
0.712890625
0.7189127604166666
0.709716796875
0.7074381510416666
0.7118326822916666
0.71484375
0.710693359375
0.7102864583333334
0.7147623697916666
0.714111328125
0.7118326822916666
0.7107747395833334
0.7125651041666666
0.7102864583333334
0.712890625
0.7169596354166666
0.7081705729166666
0.7137044270833334
0.7071940104166666
0.7091471354166666
0.7115071614583334
0.7128092447916666
0.707275390625
0.7071126302083334
0.7096354166666666
0.7117513020833334
0.711669921875
0.7147623697916666
0.7113444010416666
0.71142578125
0.7085774739583334
0.70654296875
0.711181640625
0.7115885416666666
0.714599609375
0.7208658854166666
0.712158203125
0.7184244791666666
0.711669921875
0.7135416666666666
0.7149251302083334
0.7106119791666666
0.715576171875
0.71142578125
0.7135416666666666
0.7093098958333334
0.7119140625
0.7057291666666666
0.715087890625
0.7137858072916666
0.7206217447916666
0.717529296875
0.7119954427083334
0.7181803385416666
0.7222493489583334
0.7157389322916666
0.7137044270833334
0.7156575520833334
0.7120768229166666
0.7145182291666666
0.7154134114583334
0.7227376302083334
0.7137858072916666
0.718017578125
0.7158203125
0.7197265625
0.7167154947916666
0.7156575520833334
0.7171223958333334
0.7109375
0.7145182291666666
0.717529296875
0.7138671875
0.7171223958333334
0.7134602864583334
0.7129720052083334
0.7216796875
0.7218424479166666
0.7223307291666666
0.7212727864583334
0.7213541666666666
0.7197265625
0.720458984375
0.721435546875
0.72119140625
0.713134765625
0.7159016927083334
0.7089029947916666
0.7169596354166666
0.720703125
0.724853515625
0.7208658854166666
0.71728515625
0.716796875
0.716064453125
0.714599609375
0.7139485677083334
0.7227376302083334
0.7169596354166666
0.7239583333333334
0.71630859375
0.721435546875
0.7191569010416666
0.71435546875
0.7138671875
0.7127278645833334
0.723876953125
0.7224934895833334
0.71923828125
0.7191569010416666
0.72021484375
0.7154134114583334
0.724365234375
0.71630859375
0.72216796875
0.721923828125
0.722900390625
0.7211100260416666
0.7218424479166666
0.7265625
0.7229817708333334
0.7203776041666666
0.7215169270833334
0.7198079427083334
0.722412109375
0.7235514322916666
0.7183430989583334
0.7177734375
0.7254231770833334
0.7190755208333334
0.7150065104166666
0.7188313802083334
0.7220052083333334
0.7218424479166666
0.720947265625
0.7179361979166666
0.7220052083333334
0.7198079427083334
0.7236328125
0.719970703125
0.7154947916666666
0.7230631510416666
0.7236328125
0.7211100260416666
0.720947265625
0.7212727864583334
0.71826171875
0.723388671875
0.7224934895833334
0.722412109375
0.722900390625
0.7237141927083334
0.7232259114583334
0.728759765625
0.7266438802083334
0.7257486979166666
0.7305501302083334
0.7291666666666666
0.7242024739583334
0.72314453125
0.72119140625
0.7235514322916666
0.7257486979166666
0.7298177083333334
0.7279459635416666
0.730712890625
0.732666015625
0.7303059895833334
0.7300618489583334
0.7289225260416666
0.7269694010416666
0.7247721354166666
0.7242838541666666
0.716064453125
0.724853515625
0.724365234375
0.7279459635416666
0.730712890625
0.72998046875
0.72705078125
0.7263997395833334
0.7303059895833334
0.7271321614583334
0.7303873697916666
0.7256673177083334
0.722412109375
0.721435546875
0.7256673177083334
0.725341796875
0.7300618489583334
0.738037109375
0.7345377604166666
0.735595703125
0.7312825520833334
0.7285970052083334
0.7286783854166666
0.7256673177083334
0.7244466145833334
0.7301432291666666
0.7290852864583334
0.7293294270833334
0.7307942708333334
0.7283528645833334
0.7275390625
0.7257486979166666
0.7310384114583334
0.73046875
0.7264811197916666
0.7252604166666666
0.7276204427083334
0.7356770833333334
0.7325032552083334
0.7329915364583334
0.7289225260416666
0.7291666666666666
0.7255045572916666
0.7278645833333334
0.728515625
0.7293294270833334
0.7368977864583334
0.732666015625
0.72998046875
0.7314453125
0.73046875
0.7278645833333334
0.7364095052083334
0.7396647135416666
0.7361653645833334
0.7355143229166666
0.730712890625
0.7340494791666666
0.7317708333333334
0.7342122395833334
0.73681640625
0.733642578125
0.731201171875
0.73095703125
0.732177734375
0.7268880208333334
0.7301432291666666
0.728515625
0.7303873697916666
0.7300618489583334
0.7342122395833334
0.731689453125
0.7288411458333334
0.732421875
0.7312825520833334
0.7333984375
0.7351888020833334
0.731689453125
0.7291666666666666
0.739013671875
0.7379557291666666
0.7347005208333334
0.7364908854166666
0.7377115885416666
0.7371419270833334
0.7391764322916666
0.7383626302083334
0.7368977864583334
0.7351888020833334
0.7371419270833334
0.739013671875
0.738037109375
0.7376302083333334
0.7430826822916666
0.740966796875
0.7442220052083334
0.748779296875
0.7488606770833334
0.7472330729166666
0.74462890625
0.7433268229166666
0.7437337239583334
0.7430013020833334
0.7447102864583334
0.7420247395833334
0.74462890625
0.749267578125
0.7425130208333334
0.7474772135416666
0.74658203125
0.74462890625
0.749267578125
0.7439778645833334
0.748046875
0.75048828125
0.7534993489583334
0.7537434895833334
0.7564290364583334
0.755859375
0.756591796875
0.7513020833333334
0.7572428385416666
0.760009765625
0.759521484375
0.7604166666666666
0.7555338541666666
0.757568359375
0.760009765625
0.7556966145833334
0.7569986979166666
0.759033203125
0.7633463541666666
0.7569173177083334
0.7626953125
0.7586263020833334
0.7630208333333334
0.7639973958333334
0.7652994791666666
0.756591796875
0.760009765625
0.7621256510416666
0.763427734375
0.7598470052083334
0.7632649739583334
0.766357421875
0.76904296875
0.767578125
0.7652180989583334
0.7660319010416666
0.7701009114583334
0.7648111979166666
0.7693684895833334
0.76953125
0.7679850260416666
0.7715657552083334
0.7724609375
0.7722981770833334
0.776123046875
0.7722981770833334
0.7757975260416666
0.7721354166666666
0.7784016927083334
0.7802734375
0.779296875
0.7774251302083334
0.77685546875
0.7784016927083334
0.7805989583333334
0.7823079427083334
0.7801920572916666
0.781982421875
0.783935546875
0.7835286458333334
0.7880859375
0.7909342447916666
0.787841796875
0.7894694010416666
0.7920735677083334
0.7882486979166666
0.7850748697916666
0.785400390625
0.7855631510416666
0.7861328125
0.7901204427083334
0.7904459635416666
0.7882486979166666
0.793701171875
0.79443359375
0.79833984375
0.7981770833333334
0.7965494791666666
0.7972005208333334
0.794921875
0.8040364583333334
0.8087565104166666
0.8094075520833334
0.807861328125
0.8047688802083334
0.80859375
0.806396484375
0.8087565104166666
0.808837890625
0.8108723958333334
0.8125813802083334
0.813232421875
0.815673828125
0.816650390625
0.8182779947916666
0.8187662760416666
0.8164876302083334
0.816162109375
0.81591796875
0.8221028645833334
0.820068359375
0.8159993489583334
0.818115234375
0.8232421875
0.8251139322916666
0.8286946614583334
0.82568359375
0.82958984375
0.829345703125
0.8274739583333334
0.8275553385416666
0.8280436197916666
0.827880859375
0.8282877604166666
0.8277180989583334
0.8260091145833334
0.8299153645833334
0.830810546875
0.83251953125
0.836181640625
0.83642578125
0.8362630208333334
