0.8362630208333334
0.8312174479166666
0.836181640625
0.8373209635416666
0.8326009114583334
0.832763671875
0.83544921875
0.83447265625
0.83642578125
0.8377278645833334
0.8401692708333334
0.8416341145833334
0.8404134114583334
0.842529296875
0.841796875
0.842529296875
0.841552734375
0.8436686197916666
0.8440755208333334
0.8423665364583334
0.8474934895833334
0.8483072916666666
0.8446451822916666
0.8472493489583334
0.8466796875
0.848876953125
0.851806640625
0.8509928385416666
0.8505045572916666
0.8523763020833334
0.85205078125
0.8519694010416666
0.8515625
0.853271484375
0.8529459635416666
0.8509928385416666
0.8534342447916666
0.8541666666666666
0.8534342447916666
0.8533528645833334
0.8535970052083334
0.8524576822916666
0.8555501302083334
0.85693359375
0.8579915364583334
0.858642578125
0.8583984375
0.861328125
0.8621419270833334
0.8605143229166666
0.8622233072916666
0.861328125
0.8621419270833334
0.8641764322916666
0.8629557291666666
0.8636881510416666
0.8641764322916666
0.8644205729166666
0.864990234375
0.8639322916666666
0.8643391927083334
0.8639322916666666
0.8639322916666666
0.8665364583333334
0.8645833333333334
0.86376953125
0.8629557291666666
0.8631184895833334
0.8618977864583334
0.8618977864583334
0.8623860677083334
0.862548828125
0.8623046875
0.8624674479166666
0.8633626302083334
0.86474609375
0.8636067708333334
0.8633626302083334
0.8661295572916666
0.8636881510416666
0.8655598958333334
0.8656412760416666
0.8688151041666666
0.868408203125
0.8690592447916666
0.8689778645833334
0.8688151041666666
0.8675130208333334
0.8665364583333334
0.8663736979166666
0.8660481770833334
0.8660481770833334
0.86572265625
0.8653157552083334
0.8645833333333334
0.86279296875
0.8585611979166666
0.8600260416666666
0.861083984375
0.863037109375
0.8623046875
0.8649088541666666
0.8644205729166666
0.862548828125
0.8649088541666666
0.8653971354166666
0.865966796875
0.865966796875
0.8662923177083334
0.8658040364583334
0.8656412760416666
0.8680826822916666
0.8715006510416666
0.8714192708333334
0.8710123697916666
0.8707682291666666
0.86962890625
0.869140625
0.8684895833333334
0.869140625
0.8695475260416666
0.8689778645833334
0.8683268229166666
0.8683268229166666
0.8675130208333334
0.8685709635416666
0.8688151041666666
0.8695475260416666
0.869384765625
0.8693033854166666
0.8693033854166666
0.8700358072916666
0.8700358072916666
0.8701985677083334
0.8710123697916666
0.8712565104166666
0.871337890625
0.87158203125
0.8722330729166666
0.8720703125
0.8731282552083334
0.8729654947916666
0.872802734375
0.873779296875
0.875
0.8743489583333334
0.8751627604166666
0.8744303385416666
0.875244140625
0.8749186197916666
0.8748372395833334
0.8748372395833334
0.87451171875
0.875244140625
0.8754069010416666
0.875244140625
0.874267578125
0.8745930989583334
0.8749186197916666
0.8741048177083334
0.8740234375
0.87451171875
0.8748372395833334
0.8758138020833334
0.8758951822916666
0.8763020833333334
0.8765462239583334
0.8763834635416666
0.8763834635416666
0.8763834635416666
0.8699544270833334
0.872314453125
0.8733723958333334
0.8719889322916666
0.8720703125
0.8726399739583334
0.8733723958333334
0.8714192708333334
0.8699544270833334
0.8711751302083334
0.870361328125
0.8707682291666666
0.8726399739583334
0.8709309895833334
0.870361328125
0.869873046875
0.8694661458333334
0.86962890625
0.8672688802083334
0.8682454427083334
0.8675944010416666
0.8673502604166666
0.8667805989583334
0.8687337239583334
0.8702799479166666
0.86962890625
0.871337890625
0.8728841145833334
0.87060546875
0.8723958333333334
0.8714192708333334
0.8705240885416666
0.8692220052083334
0.8690592447916666
0.86962890625
0.8693033854166666
0.8701171875
0.8701171875
0.86962890625
0.869873046875
0.8717447916666666
0.8719075520833334
0.872802734375
0.8733723958333334
0.8738606770833334
0.872314453125
0.8721516927083334
0.87158203125
0.873046875
0.8722330729166666
0.8715006510416666
0.871826171875
0.8719075520833334
0.8717447916666666
0.871337890625
0.8711751302083334
0.872314453125
0.8721516927083334
0.873779296875
0.8736979166666666
0.8736979166666666
0.8736165364583334
0.8732096354166666
0.873046875
0.873291015625
0.8740234375
0.8741861979166666
0.8741861979166666
0.8746744791666666
0.8753255208333334
0.8760579427083334
0.8761393229166666
0.873291015625
0.8626302083333334
0.865966796875
0.8634440104166666
0.85986328125
0.8578287760416666
0.86083984375
0.857421875
0.855712890625
0.8545735677083334
0.8597819010416666
0.8588053385416666
0.8560384114583334
0.8550618489583334
0.85693359375
0.85986328125
0.861328125
0.8606770833333334
0.86181640625
0.8614095052083334
0.8607584635416666
0.860595703125
0.8611653645833334
0.8612467447916666
0.862548828125
0.8631998697916666
0.8644205729166666
0.866943359375
0.868408203125
0.8694661458333334
0.86669921875
0.866455078125
0.8670247395833334
0.869140625
0.870849609375
0.8710123697916666
0.871826171875
0.8719075520833334
0.872802734375
0.8712565104166666
0.871337890625
0.8707682291666666
0.8704427083333334
0.8705240885416666
0.8706868489583334
0.8740234375
0.87548828125
0.8763020833333334
0.8772786458333334
0.878173828125
0.8776041666666666
0.876708984375
0.87646484375
0.875732421875
0.875732421875
0.8758138020833334
0.8758138020833334
0.8756510416666666
0.8754069010416666
0.8753255208333334
0.8753255208333334
0.875244140625
0.8751627604166666
0.8751627604166666
0.8751627604166666
0.8751627604166666
0.8751627604166666
0.8748372395833334
0.8746744791666666
0.8746744791666666
0.8746744791666666
0.8746744791666666
0.874267578125
0.8722330729166666
0.86328125
0.8618977864583334
0.8604329427083334
0.8570963541666666
0.8601888020833334
0.85986328125
0.8533528645833334
0.8526204427083334
0.855224609375
0.8525390625
0.8560384114583334
0.8555501302083334
0.8564453125
0.8544108072916666
0.8527018229166666
0.8504231770833334
0.84765625
0.84619140625
0.847900390625
0.84521484375
0.8436686197916666
0.8468424479166666
0.8487141927083334
0.84814453125
0.8483072916666666
0.845458984375
0.8475748697916666
0.8451334635416666
0.8487955729166666
0.8511555989583334
0.8486328125
0.8501790364583334
0.8504231770833334
0.8540852864583334
0.84912109375
0.8553873697916666
0.8501790364583334
0.8531087239583334
0.8492838541666666
0.8516438802083334
0.8525390625
0.8563639322916666
0.8570963541666666
0.8580729166666666
0.8546549479166666
0.8509114583333334
0.8563639322916666
0.8553873697916666
0.8553059895833334
0.8568522135416666
0.8601888020833334
0.8607584635416666
0.8578287760416666
0.8609212239583334
0.8617350260416666
0.8658040364583334
0.8626302083333334
0.862548828125
0.8617350260416666
0.8619791666666666
0.8658854166666666
0.865478515625
0.8673502604166666
0.8610026041666666
0.8631184895833334
0.8655598958333334
0.86474609375
0.8684895833333334
0.8717447916666666
0.871826171875
0.868896484375
0.8707682291666666
0.873291015625
0.871826171875
0.875732421875
0.8741048177083334
0.8741861979166666
0.8780924479166666
0.879150390625
0.876708984375
0.8799641927083334
0.8834635416666666
0.8821614583333334
0.8828125
0.884033203125
0.88427734375
0.884765625
0.8834635416666666
0.8834635416666666
0.884033203125
0.8863118489583334
0.8865559895833334
0.8894856770833334
0.8905436197916666
0.8924153645833334
0.8871256510416666
0.889404296875
0.8916015625
0.8914388020833334
0.8917643229166666
0.89453125
0.8978678385416666
0.9029134114583334
0.900146484375
0.900634765625
0.9020182291666666
0.9038899739583334
0.9054361979166666
0.9061686197916666
0.9053548177083334
0.9044596354166666
0.9014485677083334
0.8943684895833334
0.8994140625
0.9016927083333334
0.9024251302083334
0.9042154947916666
0.9047037760416666
0.9073079427083334
0.9095865885416666
0.9109700520833334
0.9114583333333334
0.9117024739583334
0.9124348958333334
0.9125162760416666
0.916259765625
0.916748046875
0.9159342447916666
0.915283203125
0.9150390625
0.9147135416666666
0.9147135416666666
0.9147135416666666
0.914794921875
0.9144694010416666
0.9144694010416666
0.9144694010416666
0.9139811197916666
0.9112141927083334
0.9086100260416666
0.9090983072916666
0.9112141927083334
0.912353515625
0.912109375
0.9140625
0.9127604166666666
0.9142252604166666
0.9142252604166666
0.9147135416666666
0.914306640625
0.9149576822916666
0.91552734375
0.916015625
0.9148763020833334
0.9146321614583334
0.9148763020833334
0.9148763020833334
0.9147135416666666
0.9147135416666666
0.91455078125
0.91455078125
0.91455078125
0.9144694010416666
0.9144694010416666
0.9140625
0.9138997395833334
0.910888671875
0.9093424479166666
0.9105631510416666
0.9121907552083334
0.9109700520833334
0.9151204427083334
0.913330078125
0.9153645833333334
0.9154459635416666
0.91552734375
0.91552734375
0.913818359375
0.906982421875
0.9095865885416666
0.908447265625
0.9081217447916666
0.9073893229166666
0.9060872395833334
0.9078776041666666
0.9071451822916666
0.905517578125
0.9034016927083334
0.9039713541666666
0.9034016927083334
0.90478515625
0.9075520833333334
0.9066569010416666
0.9090983072916666
0.9083658854166666
0.9103190104166666
0.9085286458333334
0.9100748697916666
0.9072265625
0.912841796875
0.912841796875
0.9125162760416666
0.9147135416666666
0.9154459635416666
0.9165852864583334
0.9166666666666666
0.916748046875
0.9154459635416666
0.9146321614583334
0.9136555989583334
0.9130859375
0.9127604166666666
0.9126790364583334
0.9064127604166666
0.9072265625
0.9097493489583334
0.9117024739583334
0.9108072916666666
0.9088541666666666
0.9099934895833334
0.908935546875
0.9097493489583334
0.9109700520833334
0.9122721354166666
0.9136555989583334
0.9143880208333334
0.9143880208333334
0.913818359375
0.9152018229166666
0.9161783854166666
0.9171549479166666
0.9187825520833334
0.9192708333333334
0.9195149739583334
0.9208170572916666
0.920166015625
0.9204915364583334
0.9208984375
0.9217122395833334
0.9212239583333334
0.9210611979166666
0.9215494791666666
0.9210611979166666
0.9225260416666666
0.9229329427083334
0.9235026041666666
0.9225260416666666
0.9236653645833334
0.92431640625
0.9256184895833334
0.9259440104166666
0.9252115885416666
0.9256184895833334
0.9252115885416666
0.9248860677083334
0.9251302083333334
0.9251302083333334
0.9254557291666666
0.9259440104166666
0.9259440104166666
0.9256184895833334
0.9261067708333334
0.9268391927083334
0.9263509114583334
0.92626953125
0.92626953125
0.9256998697916666
0.9161783854166666
0.9132486979166666
0.9090983072916666
0.9038899739583334
0.9003092447916666
0.8966471354166666
0.8988444010416666
0.8978678385416666
0.900390625
0.9041341145833334
0.9031575520833334
0.9016927083333334
0.9048665364583334
0.9075520833333334
0.91162109375
0.9139811197916666
0.9130045572916666
0.9117024739583334
0.9119466145833334
0.9158528645833334
0.91650390625
0.916748046875
0.9161783854166666
0.9160970052083334
0.9160970052083334
0.9160970052083334
0.9160970052083334
0.9160970052083334
0.9160970052083334
0.916015625
0.9159342447916666
0.9159342447916666
0.9156901041666666
0.9156901041666666
0.9156901041666666
0.9156901041666666
0.9156901041666666
0.9158528645833334
0.915771484375
0.915771484375
0.915771484375
0.915771484375
0.915771484375
0.915771484375
0.9154459635416666
0.9153645833333334
0.9152018229166666
0.9148763020833334
0.9149576822916666
0.9149576822916666
0.9144694010416666
0.91455078125
0.9144694010416666
0.9144694010416666
0.9144694010416666
0.9144694010416666
0.9144694010416666
0.9144694010416666
0.9144694010416666
0.9144694010416666
0.9144694010416666
0.9144694010416666
0.9144694010416666
0.9141438802083334
0.9141438802083334
0.9141438802083334
0.9142252604166666
0.9142252604166666
0.913818359375
0.9048665364583334
0.910400390625
0.912353515625
0.91259765625
0.9114583333333334
0.9112141927083334
0.9082845052083334
0.91015625
0.9111328125
0.9131673177083334
0.9146321614583334
0.9168294270833334
0.916748046875
0.9181315104166666
0.920654296875
0.9212239583333334
0.9200846354166666
0.919677734375
0.919677734375
0.9197591145833334
0.9197591145833334
0.9197591145833334
0.9197591145833334
0.9197591145833334
0.9193522135416666
0.9193522135416666
0.9191080729166666
0.9190266927083334
0.9190266927083334
0.9190266927083334
0.9191080729166666
0.9191080729166666
0.9191080729166666
0.9189453125
0.918701171875
0.918701171875
0.918701171875
0.918701171875
0.918701171875
0.9185384114583334
0.9185384114583334
0.9185384114583334
0.9185384114583334
0.9185384114583334
0.9185384114583334
0.9185384114583334
0.9185384114583334
0.9185384114583334
0.9185384114583334
0.9185384114583334
0.9185384114583334
0.9183756510416666
0.9183756510416666
0.91845703125
0.91845703125
0.9183756510416666
0.9182942708333334
0.918212890625
0.918212890625
0.918212890625
0.918212890625
0.9183756510416666
0.9182942708333334
0.9181315104166666
0.9164225260416666
0.9058430989583334
0.9092610677083334
0.9049479166666666
0.9002278645833334
0.898681640625
0.8990071614583334
0.8981119791666666
0.9014485677083334
0.9043782552083334
0.9073893229166666
0.9065755208333334
0.906494140625
0.9064127604166666
0.906494140625
0.906005859375
0.9052734375
0.9048665364583334
0.9048665364583334
0.9049479166666666
0.9049479166666666
0.9051106770833334
0.9051106770833334
0.9043782552083334
0.9043782552083334
0.9043782552083334
0.904296875
0.904052734375
0.8968098958333334
0.8958333333333334
0.8981119791666666
0.892333984375
0.8877766927083334
0.8851725260416666
0.8777669270833334
0.8776041666666666
0.8775227864583334
0.8722330729166666
0.8683268229166666
0.86962890625
0.868408203125
0.8649088541666666
0.8621419270833334
0.85693359375
0.8521321614583334
0.8421223958333334
0.8388671875
0.8392740885416666
0.8349609375
0.8328450520833334
0.8241373697916666
0.8252766927083334
0.8194173177083334
0.8080240885416666
0.79931640625
0.81103515625
0.800537109375
0.790771484375
0.7767740885416666
0.7765299479166666
0.7635904947916666
0.76171875
0.7572428385416666
0.7568359375
0.747802734375
0.74365234375
0.7362467447916666
0.7274576822916666
0.7293294270833334
0.7237955729166666
0.714599609375
0.7151692708333334
0.7084147135416666
0.700439453125
0.7025553385416666
0.6971842447916666
0.6940104166666666
0.6844075520833334
0.6880696614583334
0.68701171875
0.689208984375
0.6898600260416666
0.6949869791666666
0.6861165364583334
0.6897786458333334
0.6913248697916666
0.6871744791666666
0.6891276041666666
0.6875
0.68701171875
0.68994140625
0.687744140625
0.6918131510416666
0.6861979166666666
0.687255859375
0.6884765625
0.6927897135416666
0.6858723958333334
0.6853841145833334
0.6791178385416666
0.6795247395833334
0.6895345052083334
0.6844889322916666
0.6859537760416666
0.6774088541666666
0.6905110677083334
0.6803385416666666
0.68212890625
0.6857096354166666
0.6837565104166666
0.6896158854166666
0.685302734375
0.681884765625
0.686279296875
0.6871744791666666
0.6888834635416666
0.68896484375
0.68408203125
0.6903483072916666
0.6803385416666666
0.6818033854166666
0.6837565104166666
0.6873372395833334
0.682861328125
0.684814453125
0.6814778645833334
0.6826171875
0.6908365885416666
0.680419921875
0.6800130208333334
0.6871744791666666
0.683349609375
0.6822916666666666
0.6904296875
0.6902669270833334
0.6891276041666666
0.68017578125
0.688720703125
0.6861165364583334
0.6840006510416666
0.6787923177083334
0.6841634114583334
0.68701171875
0.6884765625
0.6875
0.6857096354166666
0.6806640625
0.683837890625
0.6880696614583334
0.682373046875
0.6841634114583334
0.6786295572916666
0.678955078125
0.681640625
0.68310546875
0.690185546875
0.683837890625
0.687255859375
0.6831868489583334
0.6861165364583334
0.6888834635416666
0.6826985677083334
0.6814778645833334
0.6827799479166666
0.6797688802083334
0.6854654947916666
0.6880696614583334
0.6830240885416666
0.6820475260416666
0.6822916666666666
0.68359375
0.6852213541666666
0.68505859375
0.6854654947916666
0.6842447916666666
0.6840006510416666
0.67919921875
0.68115234375
0.679931640625
0.6891276041666666
0.6780598958333334
0.6829427083333334
0.6800130208333334
0.6819661458333334
0.68212890625
0.6826985677083334
0.681884765625
0.6796875
0.6824544270833334
0.6791178385416666
0.67822265625
0.6819661458333334
0.6827799479166666
0.6814778645833334
0.682861328125
0.68310546875
0.6783854166666666
0.6857096354166666
0.6848958333333334
0.6835123697916666
0.6795247395833334
0.6783854166666666
0.681884765625
0.6881510416666666
0.6748046875
0.6778157552083334
0.6818033854166666
0.6844075520833334
0.6809895833333334
0.6769205729166666
0.6728515625
0.68359375
0.6875
0.6826985677083334
0.6774088541666666
0.6766764322916666
0.6864420572916666
0.681884765625
0.6771647135416666
0.681640625
0.6796875
0.68408203125
0.6775716145833334
0.6831868489583334
0.6783040364583334
0.6778971354166666
0.678466796875
0.684326171875
0.6775716145833334
0.6792805989583334
0.6864420572916666
0.6849772135416666
0.6732584635416666
0.6754557291666666
0.68115234375
0.680419921875
0.6800944010416666
0.6812337239583334
0.686279296875
0.6809895833333334
0.6824544270833334
0.6766764322916666
0.6768391927083334
0.677734375
0.68701171875
0.6742350260416666
0.677490234375
0.6708984375
0.6837565104166666
0.6774088541666666
0.677490234375
0.6749674479166666
0.6756184895833334
0.6774088541666666
0.6730143229166666
0.6735026041666666
0.677978515625
0.6746419270833334
0.68115234375
0.6698404947916666
0.6766764322916666
0.6814778645833334
0.6814778645833334
0.6785481770833334
0.6800130208333334
0.6824544270833334
0.6814778645833334
0.6802571614583334
0.67919921875
0.67138671875
0.6781412760416666
0.6795247395833334
0.6756998697916666
0.676025390625
0.6822102864583334
0.672607421875
0.6739095052083334
0.678955078125
0.6783040364583334
0.682373046875
0.6800130208333334
0.6768391927083334
0.6771647135416666
0.67578125
0.6796875
