0.95986328125
0.96005859375
0.96103515625
0.96123046875
0.9615234375
0.9626953125
0.964453125
0.9634765625
0.96357421875
0.9615234375
0.96142578125
0.9607421875
0.96181640625
0.96220703125
0.96171875
0.96142578125
0.96015625
0.9599609375
0.9603515625
0.96015625
0.9607421875
0.96123046875
0.95927734375
0.95986328125
0.96044921875
0.96015625
0.95966796875
0.95966796875
0.9609375
0.959765625
0.95859375
0.958203125
0.9587890625
0.95908203125
0.9591796875
0.9599609375
0.96015625
0.96015625
0.96162109375
0.9626953125
0.96220703125
0.96181640625
0.96181640625
0.96162109375
0.9626953125
0.9625
0.9619140625
0.9625
0.96142578125
0.9603515625
0.9607421875
0.96005859375
0.9603515625
0.95986328125
0.95986328125
0.96015625
0.9599609375
0.9603515625
0.96064453125
0.96025390625
0.9599609375
0.9599609375
0.95927734375
0.95888671875
0.95927734375
0.96064453125
0.959375
0.959375
0.961328125
0.9609375
0.9615234375
0.96064453125
0.96064453125
0.96005859375
0.95927734375
0.9623046875
0.962109375
0.96171875
0.9607421875
0.96103515625
0.9623046875
0.96220703125
0.96298828125
0.96259765625
0.9623046875
0.9625
0.9625
0.9619140625
0.96201171875
0.96240234375
0.963671875
0.96396484375
0.96484375
0.96357421875
0.96474609375
0.965234375
0.9646484375
0.964453125
0.96455078125
0.9638671875
0.96416015625
0.96435546875
0.96513671875
0.9634765625
0.96416015625
0.96474609375
0.96533203125
0.9658203125
0.96474609375
0.96318359375
0.9638671875
0.9626953125
0.96376953125
0.96376953125
0.96328125
0.96357421875
0.96201171875
0.96298828125
0.96220703125
0.9603515625
0.960546875
0.960546875
0.95986328125
0.961328125
0.96015625
0.95966796875
0.958203125
0.9580078125
0.95888671875
0.956640625
0.958203125
0.95849609375
0.95849609375
0.9587890625
0.959375
0.9595703125
0.9591796875
0.9607421875
0.96015625
0.961328125
0.95927734375
0.95966796875
0.95986328125
0.9595703125
0.958984375
0.960546875
0.95869140625
0.9591796875
0.96044921875
0.960546875
0.96142578125
0.96103515625
0.95927734375
0.96005859375
0.96142578125
0.96103515625
0.9607421875
0.96083984375
0.95966796875
0.95712890625
0.95537109375
0.95615234375
0.95517578125
0.9552734375
0.9576171875
0.9576171875
0.95537109375
0.9560546875
0.95576171875
0.95546875
0.95517578125
0.95576171875
0.95595703125
0.95634765625
0.95517578125
0.955078125
0.95498046875
0.95439453125
0.9572265625
0.9576171875
0.95498046875
0.95498046875
0.95341796875
0.954296875
0.95380859375
0.952734375
0.95361328125
0.95283203125
0.9509765625
0.9529296875
0.95478515625
0.9544921875
0.9552734375
0.95498046875
0.95546875
0.95458984375
0.9548828125
0.95419921875
0.95400390625
0.95712890625
0.9576171875
0.95263671875
0.95419921875
0.95390625
0.9568359375
0.9556640625
0.9544921875
0.9541015625
0.952734375
0.953125
0.953515625
0.9525390625
0.95419921875
0.95185546875
0.95048828125
0.95205078125
0.95087890625
0.95048828125
0.94951171875
0.9494140625
0.94931640625
0.95009765625
0.95009765625
0.95029296875
0.949609375
0.94951171875
0.94833984375
0.9501953125
0.94990234375
0.94697265625
0.94599609375
0.94658203125
0.94443359375
0.94404296875
0.94541015625
0.94560546875
0.94443359375
0.943359375
0.944140625
0.944921875
0.94423828125
0.9453125
0.94609375
0.94638671875
0.94716796875
0.94833984375
0.9474609375
0.944921875
0.94443359375
0.944140625
0.94287109375
0.94365234375
0.94501953125
0.946875
0.94765625
0.94580078125
0.9451171875
0.94541015625
0.94443359375
0.944921875
0.94599609375
0.9458984375
0.94609375
0.94404296875
0.94267578125
0.93974609375
0.93984375
0.94423828125
0.9439453125
0.9453125
0.9462890625
0.94443359375
0.94619140625
0.9458984375
0.94619140625
0.9453125
0.9451171875
0.94560546875
0.9427734375
0.94228515625
0.94384765625
0.9412109375
0.94248046875
0.93994140625
0.93935546875
0.9375
0.93818359375
0.9388671875
0.93955078125
0.93994140625
0.93916015625
0.93876953125
0.9396484375
0.9384765625
0.940234375
0.94306640625
0.9390625
0.9390625
0.93955078125
0.9390625
0.93837890625
0.9365234375
0.93544921875
0.9392578125
0.93896484375
0.93759765625
0.934765625
0.93603515625
0.9365234375
0.93447265625
0.93642578125
0.936328125
0.9359375
0.9373046875
0.93369140625
0.93447265625
0.933984375
0.93154296875
0.93056640625
0.9341796875
0.93466796875
0.93662109375
0.93544921875
0.93427734375
0.93408203125
0.93271484375
0.93359375
0.935546875
0.93642578125
0.93837890625
0.935546875
0.93154296875
0.93349609375
0.9361328125
0.934375
0.932421875
0.9314453125
0.92861328125
0.929296875
0.9259765625
0.92734375
0.9265625
0.92685546875
0.927734375
0.93056640625
0.9298828125
0.93212890625
0.92734375
0.929296875
0.92744140625
0.924609375
0.926953125
0.9244140625
0.92373046875
0.9279296875
0.92666015625
0.9283203125
0.9251953125
0.9267578125
0.9220703125
0.9216796875
0.9158203125
0.9158203125
0.9185546875
0.913671875
0.915234375
0.91689453125
0.91416015625
0.91494140625
0.913671875
0.91396484375
0.9138671875
0.91435546875
0.9154296875
0.9177734375
0.9130859375
0.91357421875
0.9150390625
0.91884765625
0.916796875
0.91533203125
0.915625
0.91533203125
0.9142578125
0.91162109375
0.90966796875
0.9119140625
0.9125
0.9140625
0.9162109375
0.91181640625
0.9154296875
0.91259765625
0.90986328125
0.908203125
0.910546875
0.91201171875
0.9134765625
0.9212890625
0.91611328125
0.913671875
0.9142578125
0.9130859375
0.9125
0.91162109375
0.914453125
0.91162109375
0.90791015625
0.9115234375
0.90908203125
0.9078125
0.9083984375
0.90693359375
0.90634765625
0.90234375
0.9037109375
0.90654296875
0.90654296875
0.9052734375
0.90322265625
0.90390625
0.9041015625
0.90537109375
0.90146484375
0.90107421875
0.90107421875
0.89970703125
0.90078125
0.89775390625
0.898046875
0.90283203125
0.8998046875
0.8978515625
0.89560546875
0.89267578125
0.89248046875
0.8935546875
0.890625
0.89482421875
0.89814453125
0.89794921875
0.89453125
0.89130859375
0.89267578125
0.8921875
0.8904296875
0.88720703125
0.88388671875
0.88759765625
0.88720703125
0.884765625
0.88134765625
0.87861328125
0.87431640625
0.876171875
0.8833984375
0.8798828125
0.87958984375
0.88125
0.88310546875
0.882421875
0.88095703125
0.8794921875
0.87900390625
0.88330078125
0.880078125
0.8798828125
0.87763671875
0.8759765625
0.87587890625
0.87822265625
0.87607421875
0.8716796875
0.87080078125
0.8712890625
0.8705078125
0.86982421875
0.86162109375
0.86396484375
0.86416015625
0.86416015625
0.8626953125
0.86064453125
0.8552734375
0.8515625
0.8498046875
0.84130859375
0.8421875
0.83818359375
0.8353515625
0.83466796875
0.83505859375
0.8328125
0.8291015625
0.82626953125
0.82529296875
0.826171875
0.81962890625
0.81875
0.81748046875
0.81376953125
0.81552734375
0.809765625
0.81162109375
0.81083984375
0.81357421875
0.8138671875
0.81376953125
0.81845703125
0.8146484375
0.80927734375
0.81015625
0.80771484375
0.8044921875
0.8052734375
0.8037109375
0.81123046875
0.81416015625
0.815234375
0.819140625
0.81728515625
0.8158203125
0.81591796875
0.81171875
0.81005859375
0.808984375
0.8111328125
0.8142578125
0.81494140625
0.81435546875
0.8154296875
0.8091796875
0.8087890625
0.80703125
0.80654296875
0.80712890625
0.80478515625
0.8119140625
0.8103515625
0.8109375
0.81376953125
0.814453125
0.81513671875
0.8138671875
0.80654296875
0.80947265625
0.81171875
0.8166015625
0.82060546875
0.81220703125
0.80908203125
0.8044921875
0.8083984375
0.8080078125
0.81015625
0.80595703125
0.808984375
0.81396484375
0.8140625
0.80615234375
0.80576171875
0.81513671875
0.8109375
0.81015625
0.80751953125
0.80595703125
0.8015625
0.8076171875
0.803125
0.80859375
0.80595703125
0.8009765625
0.8041015625
0.8123046875
0.8123046875
0.808984375
0.80517578125
0.80615234375
0.80478515625
0.799609375
0.807421875
0.8052734375
0.803515625
0.80546875
0.80654296875
0.80693359375
0.80400390625
0.805859375
0.8072265625
0.8107421875
0.81240234375
0.8076171875
0.80771484375
0.80654296875
0.81328125
0.81123046875
0.811328125
0.81318359375
0.8107421875
0.8107421875
0.81103515625
0.8064453125
0.804296875
0.81005859375
0.8048828125
0.80478515625
0.80029296875
0.80244140625
0.80634765625
0.8001953125
0.79970703125
0.80185546875
0.80185546875
0.80341796875
0.80556640625
0.8103515625
0.80771484375
0.80517578125
0.81025390625
0.8037109375
0.809375
0.8001953125
0.80029296875
0.79990234375
0.7970703125
0.79736328125
0.80576171875
0.80625
0.80244140625
0.80546875
0.8037109375
0.802734375
0.8021484375
0.80400390625
0.79619140625
0.8015625
0.8033203125
0.7990234375
0.800390625
0.795703125
0.7970703125
0.80517578125
0.80693359375
0.8005859375
0.799609375
0.79794921875
0.801953125
0.80166015625
0.79716796875
0.7966796875
0.79658203125
0.7953125
0.79521484375
0.798046875
0.79892578125
0.799609375
0.79912109375
0.7962890625
0.79521484375
0.7953125
0.7958984375
0.79833984375
0.7984375
0.7927734375
0.7953125
0.790625
0.78408203125
0.79287109375
0.794140625
0.7947265625
0.793359375
0.79443359375
0.793359375
0.79267578125
0.79306640625
0.79033203125
0.794140625
0.7927734375
0.794921875
0.79521484375
0.79716796875
0.79716796875
0.79560546875
0.78994140625
0.79208984375
0.79853515625
0.79287109375
0.78720703125
0.78701171875
0.79150390625
0.79111328125
0.787890625
0.7953125
0.790234375
0.79150390625
0.78974609375
0.787890625
0.78583984375
0.7869140625
0.79228515625
0.79658203125
0.79453125
0.79375
0.79970703125
0.7927734375
0.79443359375
0.790234375
0.79140625
0.7931640625
0.79248046875
0.790234375
0.7900390625
0.78623046875
0.787109375
0.79521484375
0.78681640625
0.792578125
0.791015625
0.78828125
0.78984375
0.79189453125
0.792578125
0.7919921875
0.789453125
0.7904296875
0.790234375
0.7876953125
0.78876953125
0.7919921875
0.7884765625
0.7810546875
0.7802734375
0.7892578125
0.785546875
0.78818359375
0.79033203125
0.78349609375
0.7873046875
0.79150390625
0.7837890625
0.7859375
0.79150390625
0.7880859375
0.79111328125
0.78544921875
0.78671875
0.7859375
0.78359375
0.7837890625
0.78720703125
0.78828125
0.791796875
0.79169921875
0.7853515625
0.78525390625
0.78115234375
0.7875
0.77890625
0.78046875
0.78095703125
0.7853515625
0.7822265625
0.77734375
0.7876953125
0.78896484375
0.78349609375
0.78681640625
0.7904296875
0.7845703125
0.785546875
0.7869140625
0.78408203125
0.78916015625
0.78671875
0.77900390625
0.78671875
0.78388671875
0.77890625
0.78955078125
0.78369140625
0.78330078125
0.784765625
0.7873046875
0.7875
0.7892578125
0.78251953125
0.7791015625
0.784765625
0.77607421875
0.7779296875
0.7771484375
0.784765625
0.7845703125
0.78525390625
0.78564453125
0.78212890625
0.782421875
0.7830078125
0.78046875
0.77333984375
0.7865234375
0.7744140625
0.77841796875
0.7814453125
0.7818359375
0.78037109375
0.778125
0.77333984375
0.77587890625
0.77919921875
0.77685546875
0.78203125
0.78330078125
0.772265625
0.7734375
0.77939453125
0.77900390625
0.77529296875
0.77919921875
0.77939453125
0.77421875
0.77421875
0.77587890625
0.7740234375
0.7736328125
0.78076171875
0.77744140625
0.77685546875
0.77470703125
0.77177734375
0.77646484375
0.78369140625
0.780859375
0.7732421875
0.776953125
0.775
0.77451171875
0.77490234375
0.776953125
0.78271484375
0.776171875
0.77119140625
0.76875
0.77578125
0.77724609375
0.7783203125
0.7755859375
0.77939453125
0.778125
0.7771484375
0.77451171875
0.769140625
0.768359375
0.768359375
0.776953125
0.76904296875
0.7744140625
0.76806640625
0.77529296875
0.7783203125
0.773828125
0.7724609375
0.778515625
0.77578125
0.7734375
0.7732421875
0.7705078125
0.77412109375
0.77685546875
0.77705078125
0.77685546875
0.7734375
0.7669921875
0.77265625
0.76953125
0.769921875
0.769140625
0.77265625
0.77080078125
0.780078125
0.77294921875
0.7720703125
0.771875
0.77333984375
0.7763671875
0.77314453125
0.7693359375
0.76865234375
0.7689453125
0.76787109375
0.77744140625
0.775
0.773046875
0.77763671875
0.77255859375
0.7681640625
0.776171875
0.765625
0.766796875
0.76962890625
0.76396484375
0.76923828125
0.76923828125
0.76962890625
0.7701171875
0.7716796875
0.771875
0.767578125
0.7681640625
0.7626953125
0.7693359375
0.76708984375
0.76982421875
0.76259765625
0.7734375
0.76630859375
0.7662109375
0.7708984375
0.77451171875
0.77509765625
0.7673828125
0.76484375
0.77216796875
0.769140625
0.7662109375
0.7716796875
0.764453125
0.762890625
0.7697265625
0.76630859375
0.76591796875
0.77099609375
0.766015625
0.7693359375
0.7640625
0.76708984375
0.77109375
0.77333984375
0.76748046875
0.7671875
0.76650390625
0.76767578125
0.76630859375
0.76806640625
0.76689453125
0.7671875
0.7638671875
0.76513671875
0.76884765625
0.762890625
0.7630859375
0.765625
0.76494140625
0.7662109375
0.76806640625
0.761328125
0.76103515625
0.77138671875
0.76748046875
0.76708984375
0.7650390625
0.7693359375
0.7623046875
0.7546875
0.76611328125
0.76982421875
0.7646484375
0.755078125
0.7666015625
0.76513671875
0.75830078125
0.7564453125
0.7599609375
0.76376953125
0.7662109375
0.75576171875
0.7625
0.759765625
0.76953125
0.76279296875
0.76015625
0.758984375
0.758984375
0.76015625
0.76767578125
0.7697265625
0.75888671875
0.76123046875
0.75830078125
0.765234375
0.7654296875
0.76279296875
0.76103515625
0.75498046875
0.760546875
0.759375
0.75810546875
0.7591796875
0.7591796875
0.7578125
0.76142578125
