0.72734375
0.756640625
0.75244140625
0.7611328125
0.76015625
0.7630859375
0.75986328125
0.7583984375
0.755859375
0.7541015625
0.77001953125
0.76025390625
0.7611328125
0.7556640625
0.7634765625
0.76162109375
0.76396484375
0.76611328125
0.76083984375
0.76572265625
0.76015625
0.76357421875
0.7671875
0.75576171875
0.76044921875
0.7587890625
0.76513671875
0.765234375
0.76240234375
0.772265625
0.76611328125
0.76669921875
0.753515625
0.7607421875
0.76162109375
0.76259765625
0.759375
0.75986328125
0.76796875
0.762890625
0.7646484375
0.76572265625
0.7666015625
0.7638671875
0.767578125
0.76259765625
0.7625
0.7650390625
0.76875
0.7705078125
0.76953125
0.76533203125
0.77158203125
0.75966796875
0.76962890625
0.76884765625
0.7609375
0.7607421875
0.76357421875
0.76884765625
0.77099609375
0.76513671875
0.7654296875
0.75888671875
0.76650390625
0.76123046875
0.76962890625
0.77177734375
0.76826171875
0.7634765625
0.77060546875
0.76806640625
0.7666015625
0.77158203125
0.767578125
0.77177734375
0.76337890625
0.7671875
0.76806640625
0.7666015625
0.7712890625
0.7720703125
0.769140625
0.76689453125
0.7693359375
0.77333984375
0.7701171875
0.7736328125
0.76845703125
0.77001953125
0.76708984375
0.763671875
0.76845703125
0.7654296875
0.773828125
0.77294921875
0.7771484375
0.77685546875
0.7654296875
0.766015625
0.77568359375
0.767578125
0.76806640625
0.77119140625
0.773046875
0.7697265625
0.7701171875
0.776171875
0.77021484375
0.77509765625
0.77333984375
0.77578125
0.77080078125
0.76865234375
0.77060546875
0.7673828125
0.76640625
0.773046875
0.77373046875
0.77001953125
0.76396484375
0.77744140625
0.77421875
0.77119140625
0.76884765625
0.77099609375
0.77587890625
0.769140625
0.77802734375
0.771875
0.7716796875
0.779296875
0.77705078125
0.7716796875
0.7720703125
0.77392578125
0.775
0.7732421875
0.775
0.77265625
0.7783203125
0.78291015625
0.770703125
0.77275390625
0.77666015625
0.7708984375
0.773046875
0.77890625
0.77685546875
0.77822265625
0.77763671875
0.77626953125
0.772265625
0.77509765625
0.77919921875
0.77578125
0.77099609375
0.7673828125
0.7671875
0.77724609375
0.77451171875
0.77939453125
0.77802734375
0.7724609375
0.77734375
0.77470703125
0.7802734375
0.778125
0.77314453125
0.7796875
0.77060546875
0.776171875
0.780078125
0.778125
0.77568359375
0.7744140625
0.77900390625
0.77236328125
0.7693359375
0.77548828125
0.78408203125
0.77978515625
0.77587890625
0.77822265625
0.78115234375
0.779296875
0.7744140625
0.777734375
0.78203125
0.776953125
0.7798828125
0.77939453125
0.78212890625
0.7767578125
0.77548828125
0.78369140625
0.78505859375
0.78583984375
0.7744140625
0.7697265625
0.778515625
0.782421875
0.78076171875
0.784375
0.77763671875
0.7751953125
0.7775390625
0.7791015625
0.77001953125
0.780078125
0.7833984375
0.78486328125
0.78701171875
0.78544921875
0.78193359375
0.77998046875
0.7826171875
0.78251953125
0.7814453125
0.7857421875
0.78046875
0.7833984375
0.78515625
0.784375
0.784765625
0.78955078125
0.7849609375
0.78798828125
0.78154296875
0.78837890625
0.78203125
0.78056640625
0.77783203125
0.7841796875
0.7880859375
0.7873046875
0.7849609375
0.78779296875
0.78935546875
0.78896484375
0.780859375
0.78037109375
0.7814453125
0.78310546875
0.78486328125
0.78486328125
0.77998046875
0.78935546875
0.78828125
0.7892578125
0.78935546875
0.7875
0.7880859375
0.78759765625
0.78193359375
0.78173828125
0.784765625
0.78876953125
0.7876953125
0.7818359375
0.7892578125
0.7859375
0.7841796875
0.78408203125
0.784765625
0.78388671875
0.78525390625
0.7814453125
0.78447265625
0.791796875
0.78701171875
0.7833984375
0.78515625
0.7830078125
0.78720703125
0.78837890625
0.79111328125
0.78876953125
0.78798828125
0.782421875
0.79091796875
0.7873046875
0.7865234375
0.78095703125
0.78935546875
0.7958984375
0.787890625
0.7900390625
0.790625
0.788671875
0.78759765625
0.78935546875
0.7919921875
0.7841796875
0.7904296875
0.79208984375
0.786328125
0.79072265625
0.784765625
0.79501953125
0.79921875
0.799609375
0.80146484375
0.800390625
0.7958984375
0.79990234375
0.79228515625
0.79501953125
0.79599609375
0.79052734375
0.7970703125
0.80068359375
0.7935546875
0.79794921875
0.79404296875
0.7984375
0.79580078125
0.79541015625
0.79404296875
0.794140625
0.79267578125
0.79736328125
0.79931640625
0.80361328125
0.796484375
0.7966796875
0.79814453125
0.78994140625
0.7958984375
0.79599609375
0.79140625
0.79296875
0.792578125
0.79755859375
0.79267578125
0.7962890625
0.79453125
0.798828125
0.79921875
0.8009765625
0.80126953125
0.79501953125
0.7953125
0.8017578125
0.798828125
0.7947265625
0.79560546875
0.7982421875
0.795703125
0.80029296875
0.79306640625
0.79853515625
0.7990234375
0.798046875
0.79873046875
0.80361328125
0.80263671875
0.8037109375
0.8046875
0.808203125
0.80732421875
0.7984375
0.79580078125
0.79267578125
0.80048828125
0.79306640625
0.7982421875
0.80078125
0.79951171875
0.7947265625
0.79814453125
0.799609375
0.79931640625
0.79912109375
0.79853515625
0.80205078125
0.80166015625
0.8025390625
0.80263671875
0.8
0.8017578125
0.8021484375
0.80546875
0.80205078125
0.804296875
0.805859375
0.801171875
0.79951171875
0.809375
0.8048828125
0.80517578125
0.7966796875
0.798046875
0.8037109375
0.80556640625
0.8
0.79541015625
0.79443359375
0.8064453125
0.8041015625
0.80654296875
0.803125
0.8013671875
0.80546875
0.80478515625
0.8048828125
0.81201171875
0.80546875
0.80615234375
0.80810546875
0.81630859375
0.80478515625
0.80478515625
0.80546875
0.80263671875
0.8068359375
0.80947265625
0.80654296875
0.8052734375
0.8005859375
0.80537109375
0.80439453125
0.8025390625
0.80986328125
0.809765625
0.80732421875
0.80576171875
0.80439453125
0.802734375
0.8072265625
0.812890625
0.80595703125
0.81044921875
0.8123046875
0.80849609375
0.81083984375
0.8068359375
0.80205078125
0.8107421875
0.80849609375
0.80791015625
0.808203125
0.8056640625
0.8068359375
0.8095703125
0.8052734375
0.805078125
0.80751953125
0.802734375
0.8025390625
0.80751953125
0.805859375
0.80595703125
0.8056640625
0.800390625
0.80791015625
0.8140625
0.8115234375
0.80751953125
0.812890625
0.81552734375
0.81640625
0.8150390625
0.81455078125
0.8107421875
0.811328125
0.80634765625
0.81298828125
0.81328125
0.81337890625
0.81142578125
0.80830078125
0.8125
0.81474609375
0.815625
0.81728515625
0.8189453125
0.81103515625
0.80888671875
0.810546875
0.809765625
0.8130859375
0.81748046875
0.81748046875
0.81640625
0.8130859375
0.8140625
0.81728515625
0.8171875
0.8087890625
0.80966796875
0.81572265625
0.8154296875
0.81845703125
0.8203125
0.81923828125
0.81630859375
0.81640625
0.81279296875
0.81650390625
0.81474609375
0.81865234375
0.8205078125
0.82099609375
0.8205078125
0.81796875
0.81591796875
0.816796875
0.816796875
0.82060546875
0.81728515625
0.821875
0.82060546875
0.81806640625
0.82119140625
0.81220703125
0.81435546875
0.816015625
0.81689453125
0.81806640625
0.8234375
0.82509765625
0.81884765625
0.81884765625
0.81689453125
0.81845703125
0.8162109375
0.81650390625
0.81318359375
0.81650390625
0.818359375
0.8111328125
0.81494140625
0.82021484375
0.8173828125
0.82041015625
0.8134765625
0.82041015625
0.81962890625
0.81923828125
0.81943359375
0.8205078125
0.82783203125
0.82529296875
0.8296875
0.83203125
0.8287109375
0.8263671875
0.82353515625
0.82373046875
0.82255859375
0.82548828125
0.82783203125
0.82900390625
0.8255859375
0.82236328125
0.82646484375
0.82255859375
0.82001953125
0.82275390625
0.821484375
0.82841796875
0.82509765625
0.8232421875
0.826171875
0.82822265625
0.82578125
0.82646484375
0.82353515625
0.82412109375
0.82353515625
0.829296875
0.82734375
0.8267578125
0.82568359375
0.83056640625
0.8296875
0.82939453125
0.829296875
0.83125
0.83349609375
0.827734375
0.82861328125
0.830859375
0.829296875
0.8271484375
0.8259765625
0.8267578125
0.823828125
0.82236328125
0.824609375
0.8265625
0.82880859375
0.8271484375
0.82353515625
0.82861328125
0.8275390625
0.830078125
0.828515625
0.82744140625
0.8306640625
0.8310546875
0.83115234375
0.83359375
0.83203125
0.83134765625
0.83125
0.827734375
0.8267578125
0.8279296875
0.82255859375
0.8271484375
0.83056640625
0.8333984375
0.8349609375
0.83818359375
0.8330078125
0.8345703125
0.8326171875
0.83583984375
0.8322265625
0.83232421875
0.83388671875
0.83291015625
0.83779296875
0.837890625
0.84052734375
0.8421875
0.8369140625
0.83662109375
0.83935546875
0.83369140625
0.83193359375
0.83388671875
0.83408203125
0.83583984375
0.83583984375
0.839453125
0.84267578125
0.8388671875
0.83515625
0.838671875
0.8375
0.84033203125
0.83818359375
0.83720703125
0.8365234375
0.8396484375
0.84326171875
0.84365234375
0.841015625
0.837890625
0.83828125
0.8384765625
0.83896484375
0.83837890625
0.8388671875
0.8421875
0.83818359375
0.841015625
0.8400390625
0.84189453125
0.838671875
0.8408203125
0.840625
0.84111328125
0.83916015625
0.839453125
0.8408203125
0.8419921875
0.842578125
0.84140625
0.84423828125
0.84443359375
0.84130859375
0.83984375
0.84130859375
0.83974609375
0.8423828125
0.84111328125
0.84345703125
0.8453125
0.8455078125
0.8455078125
0.8435546875
0.84150390625
0.8451171875
0.8478515625
0.84375
0.835546875
0.8373046875
0.8384765625
0.84228515625
0.84013671875
0.84169921875
0.8400390625
0.84033203125
0.84326171875
0.84287109375
0.84482421875
0.84501953125
0.842578125
0.84384765625
0.844140625
0.84150390625
0.84130859375
0.84482421875
0.84404296875
0.84287109375
0.84375
0.8455078125
0.8455078125
0.84794921875
0.84658203125
0.848828125
0.8533203125
0.8486328125
0.8484375
0.84599609375
0.84736328125
0.84775390625
0.84873046875
0.84755859375
0.84638671875
0.84658203125
0.85205078125
0.8498046875
0.84990234375
0.8505859375
0.85185546875
0.85302734375
0.8572265625
0.85517578125
0.85205078125
0.852734375
0.8529296875
0.8537109375
0.85185546875
0.8533203125
0.84990234375
0.8482421875
0.85068359375
0.85244140625
0.8537109375
0.85166015625
0.85302734375
0.854296875
0.8548828125
0.855078125
0.85859375
0.85888671875
0.85595703125
0.85556640625
0.85693359375
0.8583984375
0.8603515625
0.85771484375
0.86123046875
0.8646484375
0.86591796875
0.8623046875
0.86123046875
0.8609375
0.86328125
0.86181640625
0.86220703125
0.8609375
0.8587890625
0.858984375
0.86171875
0.86123046875
0.8576171875
0.85693359375
0.85478515625
0.85859375
0.8576171875
0.8560546875
0.86083984375
0.860546875
0.859375
0.8583984375
0.85869140625
0.85947265625
0.85830078125
0.8591796875
0.86171875
0.862109375
0.86142578125
0.8642578125
0.865234375
0.86376953125
0.85966796875
0.86181640625
0.8666015625
0.8671875
0.8697265625
0.8677734375
0.86884765625
0.86923828125
0.86708984375
0.86494140625
0.86748046875
0.8703125
0.87080078125
0.868359375
0.86943359375
0.86572265625
0.86435546875
0.8611328125
0.8607421875
0.86220703125
0.86396484375
0.86748046875
0.8693359375
0.87001953125
0.8728515625
0.87236328125
0.8724609375
0.87294921875
0.871875
0.87021484375
0.87119140625
0.8685546875
0.8705078125
0.86826171875
0.868359375
0.867578125
0.86708984375
0.86923828125
0.86982421875
0.87421875
0.87421875
0.87646484375
0.87529296875
0.8755859375
0.875390625
0.88056640625
0.88076171875
0.8814453125
0.8837890625
0.88349609375
0.88115234375
0.8822265625
0.88076171875
0.88115234375
0.8845703125
0.88505859375
0.8873046875
0.887890625
0.88984375
0.891796875
0.89287109375
0.896875
0.8958984375
0.89404296875
0.89482421875
0.89130859375
0.89111328125
0.88828125
0.89072265625
0.8916015625
0.891015625
0.89326171875
0.89345703125
0.894921875
0.8953125
0.89853515625
0.89921875
0.9
0.90009765625
0.90126953125
0.8998046875
0.90205078125
0.9017578125
0.901953125
0.90087890625
0.901953125
0.9009765625
0.9013671875
0.9
0.900390625
0.90029296875
0.89912109375
0.89755859375
0.8978515625
0.9005859375
0.90283203125
0.90537109375
0.9052734375
0.90654296875
0.90771484375
0.9095703125
0.91083984375
0.91083984375
0.91337890625
0.91279296875
0.91279296875
0.910546875
0.9103515625
0.9099609375
0.9134765625
0.91376953125
0.91484375
0.91435546875
0.9154296875
0.91689453125
0.9166015625
0.91640625
0.916015625
0.9177734375
0.92109375
0.9220703125
0.9236328125
0.924609375
0.925390625
0.926953125
0.92685546875
0.9279296875
0.92900390625
0.930078125
0.93046875
0.93125
0.9322265625
0.93203125
0.93193359375
0.93115234375
0.93232421875
0.931640625
0.93369140625
0.9337890625
0.93427734375
0.93564453125
0.935546875
0.93583984375
0.93798828125
0.937109375
0.93720703125
0.9384765625
0.93935546875
0.940234375
0.940625
0.94091796875
0.94169921875
0.9431640625
0.94404296875
0.94365234375
0.94453125
0.9455078125
0.944921875
0.944140625
0.94580078125
0.9451171875
0.946484375
0.946484375
0.9470703125
0.946875
0.94658203125
0.946484375
0.94580078125
0.94716796875
0.9486328125
0.948828125
0.94892578125
0.94892578125
0.9486328125
0.9505859375
0.9509765625
0.9515625
0.95087890625
0.95283203125
0.953125
0.9517578125
0.953515625
0.95244140625
0.953515625
0.95419921875
0.95341796875
0.954296875
0.9548828125
0.955078125
0.95517578125
0.95458984375
0.9537109375
0.95390625
0.955078125
0.954296875
0.955859375
0.9564453125
0.95810546875
0.95859375
0.95869140625
0.95927734375
0.9587890625
0.95859375
0.959765625
0.95947265625
0.959765625
0.96015625
0.9599609375
0.96015625
0.95986328125
