0.7408854166666666
0.7189127604166666
0.7140299479166666
0.7200520833333334
0.7158203125
0.7208658854166666
0.7186686197916666
0.7193196614583334
0.7207845052083334
0.7137044270833334
0.7189127604166666
0.7154947916666666
0.7132161458333334
0.717529296875
0.7123209635416666
0.714599609375
0.7208658854166666
0.7169596354166666
0.7177734375
0.7230631510416666
0.7119954427083334
0.7176106770833334
0.7213541666666666
0.7177734375
0.71923828125
0.7157389322916666
0.7191569010416666
0.7154134114583334
0.7163899739583334
0.7159016927083334
0.7254231770833334
0.7173665364583334
0.7215169270833334
0.7149251302083334
0.72119140625
0.71875
0.7184244791666666
0.719482421875
0.7157389322916666
0.7188313802083334
0.720458984375
0.7218424479166666
0.7261555989583334
0.7190755208333334
0.7225748697916666
0.7207845052083334
0.7220052083333334
0.720947265625
0.7181803385416666
0.724853515625
0.72314453125
0.7195638020833334
0.7185872395833334
0.7185872395833334
0.7210286458333334
0.7252604166666666
0.718505859375
0.7137044270833334
0.7176920572916666
0.7215169270833334
0.7281901041666666
0.7201334635416666
0.716796875
0.71875
0.719970703125
0.7237955729166666
0.7125651041666666
0.7265625
0.7255859375
0.72216796875
0.7166341145833334
0.7246907552083334
0.7189127604166666
0.7171223958333334
0.7193196614583334
0.7188313802083334
0.7225748697916666
0.719970703125
0.721435546875
0.7161458333333334
0.7234700520833334
0.7206217447916666
0.7244466145833334
0.7215983072916666
0.7263997395833334
0.72509765625
0.7200520833333334
0.7189127604166666
0.718994140625
0.7217610677083334
0.725830078125
0.7251790364583334
0.7215983072916666
0.7188313802083334
0.7198079427083334
0.7217610677083334
0.7290852864583334
0.7262369791666666
0.723876953125
0.72705078125
0.7254231770833334
0.728759765625
0.7230631510416666
0.7252604166666666
0.7247721354166666
0.720703125
0.721435546875
0.721435546875
0.7254231770833334
0.72607421875
0.719482421875
0.7203776041666666
0.72119140625
0.7294921875
0.7293294270833334
0.72607421875
0.7167154947916666
0.7227376302083334
0.7225748697916666
0.7237141927083334
0.7328287760416666
0.7293294270833334
0.7313639322916666
0.724853515625
0.7269694010416666
0.7242024739583334
0.724609375
0.7329915364583334
0.7203776041666666
0.722412109375
0.7172037760416666
0.7339680989583334
0.7340494791666666
0.7262369791666666
0.7286783854166666
0.7290852864583334
0.7303059895833334
0.7301432291666666
0.7334798177083334
0.7271321614583334
0.72900390625
0.73046875
0.7318522135416666
0.7285970052083334
0.72314453125
0.7322591145833334
0.7255859375
0.7249348958333334
0.7355143229166666
0.7275390625
0.729248046875
0.7349446614583334
0.7294108072916666
0.7261555989583334
0.7259928385416666
0.7327473958333334
0.733154296875
0.730712890625
0.7252604166666666
0.72802734375
0.7277018229166666
0.7272135416666666
0.7234700520833334
0.7311197916666666
0.7263997395833334
0.7234700520833334
0.7266438802083334
0.730224609375
0.7294108072916666
0.7300618489583334
0.7284342447916666
0.7283528645833334
0.7296549479166666
0.732421875
0.7264811197916666
0.7281901041666666
0.72998046875
0.72900390625
0.7362467447916666
0.7328287760416666
0.7330729166666666
0.7271321614583334
0.732421875
0.733642578125
0.731201171875
0.7344563802083334
0.7312825520833334
0.732421875
0.7272135416666666
0.7293294270833334
0.7367350260416666
0.7344563802083334
0.728271484375
0.726806640625
0.7332356770833334
0.725830078125
0.7351888020833334
0.7247721354166666
0.73388671875
0.7339680989583334
0.72705078125
0.7293294270833334
0.73583984375
0.736328125
0.7388509114583334
0.7340494791666666
0.7364908854166666
0.7291666666666666
0.722412109375
0.7300618489583334
0.7306315104166666
0.7313639322916666
0.7381998697916666
0.7342936197916666
0.7284342447916666
0.7298990885416666
0.7352701822916666
0.740966796875
0.732177734375
0.734130859375
0.7286783854166666
0.7391764322916666
0.7316080729166666
0.7315266927083334
0.7271321614583334
0.7392578125
0.7323404947916666
0.7300618489583334
0.7333170572916666
0.734619140625
0.736328125
0.7355143229166666
0.7298990885416666
0.7350260416666666
0.734130859375
0.738525390625
0.7377115885416666
0.734619140625
0.7300618489583334
0.7329915364583334
0.7364095052083334
0.7305501302083334
0.7354329427083334
0.7371419270833334
0.73486328125
0.7285970052083334
0.7337239583333334
0.7339680989583334
0.738037109375
0.73291015625
0.7351888020833334
0.7355143229166666
0.7322591145833334
0.7440592447916666
0.7394205729166666
0.7347005208333334
0.7430826822916666
0.736572265625
0.7306315104166666
0.7357584635416666
0.7373046875
0.7288411458333334
0.7393391927083334
0.7316080729166666
0.7305501302083334
0.7359212239583334
0.7337239583333334
0.7329915364583334
0.740234375
0.736572265625
0.7416178385416666
0.7333984375
0.73681640625
0.7330729166666666
0.7410481770833334
0.7403971354166666
0.7430826822916666
0.7362467447916666
0.7403971354166666
0.7351888020833334
0.7421875
0.7376302083333334
0.7373046875
0.7398274739583334
0.738037109375
0.741943359375
0.7378743489583334
0.73974609375
0.7373860677083334
0.73779296875
0.735107421875
0.7330729166666666
0.7351888020833334
0.7412923177083334
0.7388509114583334
0.739990234375
0.739990234375
0.7360026041666666
0.7314453125
0.7411295572916666
0.7381184895833334
0.738525390625
0.7386067708333334
0.7378743489583334
0.7451985677083334
0.737548828125
0.74072265625
0.7371419270833334
0.7369791666666666
0.7350260416666666
0.739990234375
0.7430013020833334
0.7400716145833334
0.74462890625
0.7406412760416666
0.7418619791666666
0.739501953125
0.7449544270833334
0.743896484375
0.741943359375
0.7388509114583334
0.740234375
0.7444661458333334
0.73583984375
0.73828125
0.7383626302083334
0.7430013020833334
0.7432454427083334
0.7479654947916666
0.740478515625
0.7411295572916666
0.7403971354166666
0.7486979166666666
0.7452799479166666
0.7416178385416666
0.732177734375
0.7431640625
0.741943359375
0.7495930989583334
0.7486979166666666
0.7445475260416666
0.7403157552083334
0.7478841145833334
0.7423502604166666
0.7434895833333334
0.744384765625
0.7413736979166666
0.7443033854166666
0.7435709635416666
0.7450358072916666
0.7440592447916666
0.7447916666666666
0.7454427083333334
0.747802734375
0.7469075520833334
0.7372233072916666
0.749755859375
0.7417805989583334
0.7413736979166666
0.7422688802083334
0.74755859375
0.7434895833333334
0.7435709635416666
0.7440592447916666
0.7462565104166666
0.7450358072916666
0.7455240885416666
0.7464192708333334
0.7432454427083334
0.7415364583333334
0.748291015625
0.7517903645833334
0.749755859375
0.745361328125
0.7398274739583334
0.7439778645833334
0.746826171875
0.74560546875
0.7488606770833334
0.7479654947916666
0.744384765625
0.7425130208333334
0.7421875
0.7443033854166666
0.7460123697916666
0.750244140625
0.7486979166666666
0.742919921875
0.7472330729166666
0.7456868489583334
0.7520345052083334
0.7543131510416666
0.7495930989583334
0.7504069010416666
0.7464192708333334
0.7473958333333334
0.7469889322916666
0.747314453125
0.7491861979166666
0.7479654947916666
0.7548014322916666
0.7516276041666666
0.7491048177083334
0.74755859375
0.7516276041666666
0.7494303385416666
0.7526041666666666
0.7491048177083334
0.755615234375
0.7455240885416666
0.7469889322916666
0.746337890625
0.7500813802083334
0.751220703125
0.751953125
0.75
0.748779296875
0.7500813802083334
0.7532552083333334
0.7533365885416666
0.7481282552083334
0.74755859375
0.751953125
0.744140625
0.7562662760416666
0.7461751302083334
0.7457682291666666
0.7525227864583334
0.75634765625
0.7509765625
0.7543131510416666
0.7522786458333334
0.7533365885416666
0.759521484375
0.7521158854166666
0.7520345052083334
0.7543131510416666
0.7547200520833334
0.7555338541666666
0.7527669270833334
0.7464192708333334
0.756591796875
0.7478841145833334
0.7486165364583334
0.7496744791666666
0.751220703125
0.7565104166666666
0.7557779947916666
0.7598470052083334
0.7578938802083334
0.7484537760416666
0.7522786458333334
0.75341796875
0.7569986979166666
0.7577311197916666
0.75830078125
0.7561848958333334
0.754638671875
0.7543131510416666
0.7542317708333334
0.752197265625
0.7589518229166666
0.7599283854166666
0.755859375
0.755126953125
0.7481282552083334
0.761962890625
0.7523600260416666
0.7616373697916666
0.7594401041666666
0.7621256510416666
0.7561848958333334
0.7567545572916666
0.76025390625
0.7657063802083334
0.7582194010416666
0.7538248697916666
0.7569173177083334
0.7581380208333334
0.7582194010416666
0.7529296875
0.75244140625
0.7568359375
0.7549641927083334
0.7548014322916666
0.7557779947916666
0.7530110677083334
0.7525227864583334
0.7534993489583334
0.7559407552083334
0.755126953125
0.7565104166666666
0.7613932291666666
0.7591959635416666
0.7568359375
0.7586263020833334
0.7621256510416666
0.761474609375
0.759765625
0.759765625
0.7601725260416666
0.759033203125
0.7601725260416666
0.760986328125
0.755126953125
0.7530924479166666
0.7593587239583334
0.757568359375
0.760986328125
0.7583821614583334
0.7599283854166666
0.7554524739583334
0.7561848958333334
0.7540690104166666
0.7578125
0.7577311197916666
0.7520345052083334
0.7623697916666666
0.7587076822916666
0.7626953125
0.7626953125
0.7517903645833334
0.7591145833333334
0.7584635416666666
0.7576497395833334
0.7601725260416666
0.762939453125
0.759521484375
0.765869140625
0.7626139322916666
0.7646484375
0.767333984375
0.7596028645833334
0.7688802083333334
0.7650553385416666
0.768310546875
0.7603352864583334
0.761962890625
0.7686360677083334
0.7604166666666666
0.7609049479166666
0.7588704427083334
0.7567545572916666
0.75830078125
0.7666829427083334
0.77392578125
0.7670084635416666
0.7665201822916666
0.7689615885416666
0.7667643229166666
0.7632649739583334
0.7679850260416666
0.7671712239583334
0.7694498697916666
0.7686360677083334
0.759033203125
0.7606608072916666
0.7645670572916666
0.7692057291666666
0.7655436197916666
0.7722981770833334
0.76708984375
0.7694498697916666
0.7662760416666666
0.7647298177083334
0.7599283854166666
0.75732421875
0.7627766927083334
0.7618001302083334
0.7645670572916666
0.767822265625
0.7662760416666666
0.7650553385416666
0.7637532552083334
0.7616373697916666
0.766845703125
0.7666829427083334
0.77001953125
0.7703450520833334
0.7669270833333334
0.7679036458333334
0.767822265625
0.77099609375
0.7745768229166666
0.77490234375
0.7745768229166666
0.7749837239583334
0.7716471354166666
0.7710774739583334
0.7708333333333334
0.770263671875
0.7722981770833334
0.7666015625
0.770263671875
0.7723795572916666
0.763427734375
0.7710774739583334
0.772705078125
0.7701009114583334
0.768798828125
0.7740885416666666
0.7748209635416666
0.7732747395833334
0.7744140625
0.7657877604166666
0.7744140625
0.7770182291666666
0.7732747395833334
0.7674967447916666
0.7679850260416666
0.7671712239583334
0.768798828125
0.767578125
0.7696126302083334
0.7694498697916666
0.7718912760416666
0.7689615885416666
0.7711588541666666
0.769775390625
0.767822265625
0.7666015625
0.771484375
0.7726236979166666
0.7692057291666666
0.7699381510416666
0.7677408854166666
0.7718912760416666
0.775146484375
0.7749837239583334
0.77783203125
0.778076171875
0.7709147135416666
0.775390625
0.7718098958333334
0.7763671875
0.769287109375
0.765380859375
0.7715657552083334
0.7786458333333334
0.7766927083333334
0.775146484375
0.7718098958333334
0.775634765625
0.7713216145833334
0.7793782552083334
0.77197265625
0.7747395833333334
0.77734375
0.7762858072916666
0.7731119791666666
0.7757161458333334
0.773193359375
0.7732747395833334
0.7784830729166666
0.7821451822916666
0.780517578125
0.78076171875
0.78564453125
0.7825520833333334
0.7784016927083334
0.779541015625
0.78076171875
0.7799479166666666
0.7762858072916666
0.7840983072916666
0.7836100260416666
0.78125
0.780029296875
0.7752278645833334
0.777587890625
0.78076171875
0.78271484375
0.7775065104166666
0.7771809895833334
0.7799479166666666
0.7774251302083334
0.7804361979166666
0.7781575520833334
0.776611328125
0.777099609375
0.775634765625
0.77490234375
0.775390625
0.7797037760416666
0.781005859375
0.7781575520833334
0.7797037760416666
0.7776692708333334
0.7736002604166666
0.7801106770833334
0.7757161458333334
0.7801920572916666
0.7821451822916666
0.7805989583333334
0.7784016927083334
0.771484375
0.779296875
0.7850748697916666
0.78271484375
0.7831217447916666
0.7814127604166666
0.7865397135416666
0.7811686197916666
0.7847493489583334
0.7850748697916666
0.7881673177083334
0.790283203125
0.7858072916666666
0.7886555989583334
0.781494140625
0.78271484375
0.785888671875
0.7805989583333334
0.789306640625
0.7822265625
0.7862141927083334
0.7845052083333334
0.7799479166666666
0.7813313802083334
0.7838541666666666
0.7840169270833334
0.7841796875
0.7827962239583334
0.7837727864583334
0.7865397135416666
0.7902018229166666
0.79296875
0.7965494791666666
0.7899576822916666
0.7967122395833334
0.7960611979166666
0.79443359375
0.788818359375
0.7902018229166666
0.7890625
0.796875
0.79736328125
0.7981770833333334
0.798583984375
0.7969563802083334
0.7974446614583334
0.7997233072916666
0.7974446614583334
0.7960611979166666
0.7947591145833334
0.79638671875
0.8011067708333334
0.80322265625
0.803955078125
0.7997233072916666
0.796630859375
0.7933756510416666
0.7985026041666666
0.8002115885416666
0.8031412760416666
0.8035481770833334
0.7978515625
0.7950846354166666
0.8021647135416666
0.8009440104166666
0.80078125
0.7997233072916666
0.8036295572916666
0.8018391927083334
0.8060709635416666
0.8046061197916666
0.8050944010416666
0.8064778645833334
0.8082682291666666
0.8059895833333334
0.8116048177083334
0.81298828125
0.810546875
0.8075358072916666
0.8131510416666666
0.81591796875
0.81689453125
0.821044921875
0.8177083333333334
0.8241373697916666
0.8269856770833334
0.831298828125
0.8256022135416666
0.8268229166666666
0.82958984375
0.8277180989583334
0.8355305989583334
0.83154296875
0.83447265625
0.8350423177083334
0.8356119791666666
0.8369140625
0.8404947916666666
0.840087890625
0.844482421875
0.843994140625
0.844482421875
0.844482421875
0.8494466145833334
0.84765625
0.852783203125
0.856201171875
0.8535970052083334
0.8538411458333334
0.8590494791666666
0.8558756510416666
0.86083984375
0.861572265625
0.8594563802083334
0.861083984375
0.8649088541666666
0.8638509114583334
0.864013671875
0.864501953125
0.8683268229166666
0.8740234375
0.8749186197916666
0.8765462239583334
0.8788248697916666
0.88037109375
0.882080078125
0.8819173177083334
0.88330078125
0.8792317708333334
0.8816731770833334
0.884033203125
0.884033203125
0.88427734375
0.8873697916666666
0.8846028645833334
0.8899739583333334
0.8876953125
0.8893229166666666
0.89404296875
0.8981119791666666
0.8963216145833334
0.8973795572916666
0.9012044270833334
0.8965657552083334
0.8972981770833334
0.8982747395833334
0.9003092447916666
0.904296875
0.9029947916666666
0.903564453125
0.9051920572916666
0.9080403645833334
0.9098307291666666
0.91015625
0.9122721354166666
0.914306640625
0.9114583333333334
0.9130045572916666
0.91650390625
0.9114583333333334
0.916015625
0.9146321614583334
0.915283203125
0.920166015625
0.9227701822916666
0.9213053385416666
0.922607421875
0.924560546875
0.9258626302083334
0.9247233072916666
0.9266764322916666
0.9249674479166666
0.9268391927083334
0.9291178385416666
0.9286295572916666
0.9324544270833334
0.93017578125
0.9278971354166666
0.9292805989583334
0.930419921875
0.9335123697916666
0.9306640625
0.9281412760416666
0.930419921875
0.9315592447916666
0.93359375
0.9345703125
0.9357096354166666
0.9396158854166666
0.9361979166666666
0.937255859375
0.9388834635416666
0.938720703125
0.9412434895833334
0.9379069010416666
0.940185546875
0.9449869791666666
0.942626953125
0.9427897135416666
0.9452311197916666
0.9449869791666666
0.9452311197916666
0.9462890625
0.948486328125
0.9476725260416666
0.9480794270833334
0.9463704427083334
0.9502766927083334
0.95068359375
0.9463704427083334
0.946533203125
0.9454752604166666
0.946044921875
0.9498697916666666
0.9527994791666666
0.9541829427083334
0.953369140625
0.9541015625
0.9546712239583334
0.9556477864583334
0.9519856770833334
0.9502766927083334
0.9522298177083334
0.9512532552083334
0.9529622395833334
0.9521484375
0.9534505208333334
0.9545084635416666
0.9524739583333334
0.9532877604166666
0.9541829427083334
0.9537760416666666
0.9544270833333334
0.956787109375
0.95654296875
0.955322265625
0.955078125
0.95703125
0.9532877604166666
0.9588216145833334
0.9593098958333334
0.959716796875
0.9599609375
0.961669921875
0.962158203125
0.9607747395833334
0.9603678385416666
0.9584147135416666
0.9595540364583334
0.9579264322916666
0.959716796875
0.95849609375
0.9569498697916666
0.9630533854166666
0.9635416666666666
0.9611002604166666
0.9610188802083334
0.962158203125
0.9591471354166666
0.9622395833333334
0.9610188802083334
0.9627278645833334
0.9596354166666666
0.961669921875
0.9610188802083334
0.9625651041666666
0.9622395833333334
0.96240234375
0.962890625
0.96435546875
0.962890625
0.9661458333333334
0.966064453125
0.9662272135416666
0.966552734375
0.9656575520833334
0.9668782552083334
0.96728515625
0.9656575520833334
0.962646484375
0.9618326822916666
0.9647623697916666
0.9667154947916666
0.9657389322916666
0.964599609375
0.9652506510416666
0.9671223958333334
0.966552734375
0.966552734375
0.9658203125
0.9681803385416666
0.9676106770833334
0.9698893229166666
0.9713541666666666
0.9712727864583334
0.9701334635416666
0.9708658854166666
0.9702962239583334
0.9706217447916666
0.9691569010416666
0.9710286458333334
0.9729817708333334
0.9710286458333334
0.9722493489583334
0.9691569010416666
0.96826171875
