0.96826171875
0.9680989583333334
0.9689127604166666
0.9678548177083334
0.9715169270833334
0.9700520833333334
0.9711100260416666
0.9712727864583334
0.971923828125
0.970947265625
0.9697265625
0.974365234375
0.9720865885416666
0.9749348958333334
0.9732259114583334
0.972412109375
0.9750162760416666
0.9736328125
0.9733072916666666
0.9749348958333334
0.9735514322916666
0.9755045572916666
0.9740397135416666
0.9745279947916666
0.97265625
0.97412109375
0.97509765625
0.973876953125
0.9736328125
0.9740397135416666
0.973388671875
0.97119140625
0.9729817708333334
0.969482421875
0.9729817708333334
0.97216796875
0.9723307291666666
0.9716796875
0.9720052083333334
0.9724934895833334
0.9727376302083334
0.9728190104166666
0.9708658854166666
0.9713541666666666
0.9715169270833334
0.9717610677083334
0.9715983072916666
0.9720865885416666
0.9722493489583334
0.9703776041666666
0.9716796875
0.9723307291666666
0.9742024739583334
0.97119140625
0.9713541666666666
0.9730631510416666
0.9715983072916666
0.9737141927083334
0.9712727864583334
0.97265625
0.9739583333333334
0.972412109375
0.970703125
0.9715169270833334
0.9708658854166666
0.970703125
0.9728190104166666
0.974365234375
0.9736328125
0.97216796875
0.9722493489583334
0.972412109375
0.9720865885416666
0.9698079427083334
0.9695638020833334
0.9715983072916666
0.968994140625
0.9686686197916666
0.9713541666666666
0.9723307291666666
0.9705403645833334
0.96875
0.9715169270833334
0.9712727864583334
0.9727376302083334
0.9720052083333334
0.97265625
0.9698893229166666
0.9697265625
0.9702962239583334
0.97265625
0.970947265625
0.971923828125
0.97265625
0.9696451822916666
0.9724934895833334
0.9722493489583334
0.9718424479166666
0.9700520833333334
0.9705403645833334
0.968505859375
0.970458984375
0.97021484375
0.9722493489583334
0.9673665364583334
0.9667154947916666
0.9686686197916666
0.968994140625
0.9712727864583334
0.9710286458333334
0.9701334635416666
0.96923828125
0.9700520833333334
0.9724934895833334
0.969482421875
0.9713541666666666
0.971435546875
0.9706217447916666
0.9689127604166666
0.97265625
0.97021484375
0.9690755208333334
0.969482421875
0.9686686197916666
0.9715169270833334
0.9715983072916666
0.968505859375
0.9684244791666666
0.9700520833333334
0.9705403645833334
0.9707845052083334
0.9700520833333334
0.97021484375
0.97265625
0.9717610677083334
0.9706217447916666
0.9689127604166666
0.968994140625
0.9742838541666666
0.9737955729166666
0.9710286458333334
0.9733072916666666
0.973876953125
0.9708658854166666
0.9674479166666666
0.9703776041666666
0.971435546875
0.9733072916666666
0.9715169270833334
0.9701334635416666
0.9690755208333334
0.968017578125
0.9703776041666666
0.970703125
0.9713541666666666
0.9673665364583334
0.966796875
0.9715983072916666
0.9686686197916666
0.97119140625
0.968505859375
0.971435546875
0.9685872395833334
0.9703776041666666
0.9698893229166666
0.96923828125
0.9701334635416666
0.96826171875
0.9686686197916666
0.9674479166666666
0.9681803385416666
0.9690755208333334
0.9683430989583334
0.9681803385416666
0.9676920572916666
0.9680989583333334
0.966064453125
0.9702962239583334
0.9707845052083334
0.96826171875
0.9701334635416666
0.9710286458333334
0.9676920572916666
0.9662272135416666
0.971435546875
0.9691569010416666
0.968505859375
0.9684244791666666
0.9673665364583334
0.9678548177083334
0.969482421875
0.9686686197916666
0.9680989583333334
0.9658203125
0.971435546875
0.9689127604166666
0.9688313802083334
0.9696451822916666
0.968994140625
0.968994140625
0.969482421875
0.9694010416666666
0.966552734375
0.968994140625
0.970703125
0.9686686197916666
0.9691569010416666
0.9691569010416666
0.9710286458333334
0.9690755208333334
0.970458984375
0.9722493489583334
0.9696451822916666
0.9668782552083334
0.9689127604166666
0.9696451822916666
0.9656575520833334
0.9698893229166666
0.96923828125
0.9701334635416666
0.9683430989583334
0.9691569010416666
0.966552734375
0.9664713541666666
0.9661458333333334
0.9676106770833334
0.970947265625
0.9697265625
0.9688313802083334
0.9710286458333334
0.9674479166666666
0.9705403645833334
0.9698079427083334
0.96826171875
0.965576171875
0.96728515625
0.9676106770833334
0.9686686197916666
0.9674479166666666
0.96728515625
0.9652506510416666
0.9662272135416666
0.962890625
0.9681803385416666
0.968505859375
0.9689127604166666
0.9697265625
0.9667154947916666
0.9676920572916666
0.9680989583333334
0.9659830729166666
0.9671223958333334
0.9629720052083334
0.9659016927083334
0.9661458333333334
0.9652506510416666
0.9664713541666666
0.966064453125
0.9656575520833334
0.9652506510416666
0.9659016927083334
0.9684244791666666
0.9654134114583334
0.966552734375
0.9654947916666666
0.9666341145833334
0.9669596354166666
0.97119140625
0.969482421875
0.9664713541666666
0.96533203125
0.9618326822916666
0.96484375
0.9652506510416666
0.9663899739583334
0.9647623697916666
0.9667154947916666
0.9684244791666666
0.96533203125
0.965087890625
0.9666341145833334
0.9619954427083334
0.9639485677083334
0.96142578125
0.9589029947916666
0.9608561197916666
0.9619140625
0.96142578125
0.9630533854166666
0.9618326822916666
0.9606119791666666
0.9635416666666666
0.9619954427083334
0.9640299479166666
0.96435546875
0.9625651041666666
0.9658203125
0.9645182291666666
0.9637858072916666
0.9629720052083334
0.9599609375
0.96484375
0.9625651041666666
0.9635416666666666
0.9664713541666666
0.9644368489583334
0.962158203125
0.963623046875
0.964111328125
0.9649251302083334
0.9629720052083334
0.9637858072916666
0.9625651041666666
0.9635416666666666
0.96337890625
0.9595540364583334
0.959716796875
0.9583333333333334
0.9576009114583334
0.9593098958333334
0.9608561197916666
0.9606119791666666
0.9599609375
0.9574381510416666
0.9603678385416666
0.959228515625
0.9576009114583334
0.9601236979166666
0.9574381510416666
0.9600423177083334
0.95654296875
0.9600423177083334
0.9605305989583334
0.9596354166666666
0.9554850260416666
0.9598795572916666
0.9625651041666666
0.956787109375
0.9593098958333334
0.9641927083333334
0.9599609375
0.96435546875
0.9593098958333334
0.96044921875
0.959228515625
0.9595540364583334
0.9566243489583334
0.95849609375
0.9576822916666666
0.9559733072916666
0.9606119791666666
0.9585774739583334
0.958251953125
0.9584147135416666
0.958740234375
0.95361328125
0.95849609375
0.9535319010416666
0.957275390625
0.95556640625
0.952880859375
0.9545084635416666
0.9544270833333334
0.9561360677083334
0.9559733072916666
0.9588216145833334
0.952392578125
0.9544270833333334
0.957275390625
0.9591471354166666
0.958740234375
0.9591471354166666
0.958984375
0.9589029947916666
0.9566243489583334
0.9554850260416666
0.9546712239583334
0.9525553385416666
0.9576822916666666
0.9523111979166666
0.955078125
0.95263671875
0.9590657552083334
0.9580078125
0.9571126302083334
0.9583333333333334
0.9588216145833334
0.9580891927083334
0.9574381510416666
0.958740234375
0.9590657552083334
0.9571940104166666
0.9521484375
0.9491373697916666
0.954833984375
0.9547526041666666
0.9586588541666666
0.95556640625
0.9595540364583334
0.957275390625
0.9542643229166666
0.9579264322916666
0.958251953125
0.9568684895833334
0.9546712239583334
0.9541829427083334
0.953857421875
0.9530436197916666
0.954345703125
0.951904296875
0.95263671875
0.9542643229166666
0.9529622395833334
0.94970703125
0.9481608072916666
0.9496256510416666
0.955078125
0.9506022135416666
0.95263671875
0.9568684895833334
0.9514973958333334
0.9524739583333334
0.949462890625
0.94775390625
0.94775390625
0.9479166666666666
0.9498697916666666
0.950439453125
0.9461263020833334
0.9503580729166666
0.9519856770833334
0.9464518229166666
0.9495442708333334
0.9495442708333334
0.9466145833333334
0.9440104166666666
0.939453125
0.9457194010416666
0.94140625
0.9405110677083334
0.9404296875
0.9383138020833334
0.9456380208333334
0.9423828125
0.94140625
0.944580078125
0.9400227864583334
0.9419759114583334
0.9430338541666666
0.9431966145833334
0.943603515625
0.9422200520833334
0.9493001302083334
0.943603515625
0.9409993489583334
0.93994140625
0.9422200520833334
0.941650390625
0.9344889322916666
0.935791015625
0.937255859375
0.93701171875
0.940673828125
0.9440104166666666
0.943115234375
0.9427897135416666
0.94482421875
0.9392903645833334
0.9376627604166666
0.93798828125
0.9383138020833334
0.9359537760416666
0.9423014322916666
0.9398600260416666
0.9349772135416666
0.938232421875
0.939453125
0.934814453125
0.9335123697916666
0.934326171875
0.9342447916666666
0.932373046875
0.9344889322916666
0.933349609375
0.9325358072916666
0.934814453125
0.9306640625
0.93310546875
0.9295247395833334
0.9302571614583334
0.9312337239583334
0.927490234375
0.9329427083333334
0.9374186197916666
0.9348958333333334
0.93505859375
0.932373046875
0.9344889322916666
0.937744140625
0.9319661458333334
0.9330240885416666
0.93359375
0.9375813802083334
0.9298502604166666
0.9313151041666666
0.931396484375
0.9326985677083334
0.9357096354166666
0.937744140625
0.935302734375
0.9329427083333334
0.9329427083333334
0.9326171875
0.93408203125
0.93603515625
0.93359375
0.93408203125
0.9309895833333334
0.9369303385416666
0.927734375
0.931884765625
0.9267578125
0.9286295572916666
0.9317220052083334
0.9310709635416666
0.9270833333333334
0.9292805989583334
0.9292805989583334
0.9276529947916666
0.9213053385416666
0.9283854166666666
0.9270833333333334
0.9287923177083334
0.9287109375
0.9273274739583334
0.9275716145833334
0.9267578125
0.92578125
0.9256184895833334
0.9256184895833334
0.927001953125
0.9230143229166666
0.926025390625
0.9231770833333334
0.9288736979166666
0.9256184895833334
0.9246419270833334
0.9214680989583334
0.919189453125
0.9234212239583334
0.9236653645833334
0.9249674479166666
0.9242350260416666
0.927490234375
0.927490234375
0.9256184895833334
0.9249674479166666
0.92431640625
0.9253743489583334
0.9229329427083334
0.92333984375
0.92041015625
0.925048828125
0.9248046875
0.924560546875
0.922607421875
0.9230143229166666
0.9220377604166666
0.9286295572916666
0.926513671875
0.9258626302083334
0.9219563802083334
0.919677734375
0.922607421875
0.9176432291666666
0.9200846354166666
0.9186197916666666
0.91650390625
0.9139811197916666
0.91650390625
0.9156901041666666
0.920166015625
0.9195149739583334
0.9192708333333334
0.917724609375
0.9130859375
0.9144694010416666
0.9185384114583334
0.9140625
0.9092610677083334
0.9091796875
0.90966796875
0.909912109375
0.90966796875
0.911865234375
0.9142252604166666
0.9137369791666666
0.914794921875
0.9185384114583334
0.9140625
0.9188639322916666
0.917236328125
0.9125162760416666
0.91162109375
0.9125162760416666
0.9107259114583334
0.9129231770833334
0.909423828125
0.9046223958333334
0.9064127604166666
0.9031575520833334
0.903564453125
0.9054361979166666
0.9060872395833334
0.9043782552083334
0.8999837239583334
0.8938802083333334
0.899169921875
0.8902994791666666
0.89892578125
0.8916829427083334
0.89404296875
0.8941243489583334
0.893310546875
0.88720703125
0.8815104166666666
0.8806966145833334
0.8841959635416666
0.8756510416666666
0.880615234375
0.876953125
0.8767903645833334
0.8745930989583334
0.872314453125
0.8690592447916666
0.86767578125
0.8724772135416666
0.86279296875
0.8642578125
0.8634440104166666
0.8681640625
0.8633626302083334
0.858154296875
0.862548828125
0.8636067708333334
0.857421875
0.8603515625
0.849365234375
0.845947265625
0.85009765625
0.8477376302083334
0.8474934895833334
0.8412272135416666
0.843505859375
0.841552734375
0.8314615885416666
0.8316243489583334
0.831298828125
0.8308919270833334
0.8272298177083334
0.8279622395833334
0.828857421875
0.8229166666666666
0.8234049479166666
0.82275390625
0.817626953125
0.8164876302083334
0.8167317708333334
0.8116048177083334
0.8109537760416666
0.8096516927083334
0.798828125
0.7965494791666666
0.7982584635416666
0.7999674479166666
0.79736328125
0.7939453125
0.798095703125
0.7996419270833334
0.7884928385416666
0.791748046875
0.7838541666666666
0.783203125
0.7877604166666666
0.7799479166666666
0.7819010416666666
0.7775065104166666
0.77587890625
0.7681477864583334
0.7742513020833334
0.7591959635416666
0.765869140625
0.7593587239583334
0.7583821614583334
0.7543131510416666
0.7556966145833334
0.755859375
0.75
0.7564290364583334
0.7526041666666666
0.7498372395833334
0.752197265625
0.748779296875
0.7451985677083334
0.7390950520833334
0.7391764322916666
0.7399088541666666
0.739501953125
0.74072265625
0.740234375
0.7408854166666666
0.7364908854166666
0.7371419270833334
0.7381998697916666
0.7389322916666666
0.73486328125
0.7406412760416666
0.7406412760416666
0.744140625
0.7350260416666666
0.7354329427083334
0.735107421875
0.7393391927083334
0.7386881510416666
0.7374674479166666
0.735595703125
0.736328125
0.7391764322916666
0.738525390625
0.7369791666666666
0.74072265625
0.7416178385416666
0.743896484375
0.7389322916666666
0.73681640625
0.73486328125
0.7379557291666666
0.736572265625
0.7369791666666666
0.73095703125
0.732177734375
0.73583984375
0.7333170572916666
0.740234375
0.735107421875
0.734375
0.7357584635416666
0.740966796875
0.73876953125
0.741455078125
0.7320149739583334
0.734130859375
0.7306315104166666
0.7318522135416666
0.7350260416666666
0.7359212239583334
0.7330729166666666
0.7329915364583334
0.7367350260416666
0.7344563802083334
0.7355143229166666
0.7333984375
0.7307942708333334
0.737548828125
0.7345377604166666
0.7315266927083334
0.7347005208333334
0.7396647135416666
0.733642578125
0.7328287760416666
0.7367350260416666
0.7366536458333334
0.7288411458333334
0.736572265625
0.7381184895833334
0.7351888020833334
0.735107421875
0.7290852864583334
0.7335611979166666
0.7306315104166666
0.7312825520833334
0.72802734375
0.73681640625
0.7368977864583334
0.730712890625
0.73779296875
0.7357584635416666
0.740966796875
0.7276204427083334
0.734375
0.7273763020833334
0.7339680989583334
0.7395833333333334
0.7351888020833334
0.7296549479166666
0.73046875
0.73583984375
0.7261555989583334
0.7371419270833334
0.7281087239583334
0.7335611979166666
0.7354329427083334
0.7328287760416666
0.7254231770833334
0.73583984375
0.7361653645833334
0.7307942708333334
0.7330729166666666
0.7311197916666666
0.7310384114583334
0.7235514322916666
0.7285970052083334
0.728515625
0.733154296875
0.733154296875
0.7308756510416666
0.7322591145833334
0.7300618489583334
0.7327473958333334
0.7288411458333334
0.73193359375
0.7281087239583334
0.7314453125
0.72900390625
0.7291666666666666
0.7254231770833334
0.732421875
0.7316080729166666
0.7264811197916666
0.7262369791666666
0.7254231770833334
0.7314453125
0.7285970052083334
0.731689453125
0.7296549479166666
0.7247721354166666
0.7340494791666666
0.7277018229166666
0.7310384114583334
0.7311197916666666
0.7298177083333334
0.72900390625
0.728759765625
0.7333984375
0.7334798177083334
0.7277018229166666
0.7263997395833334
0.7283528645833334
0.725830078125
0.724609375
0.72705078125
0.7300618489583334
0.7314453125
0.7289225260416666
0.7344563802083334
0.7255859375
0.7374674479166666
0.7353515625
0.724365234375
0.726318359375
0.7294921875
0.7276204427083334
0.7229817708333334
0.7281901041666666
0.7259114583333334
0.7262369791666666
0.73046875
0.7240397135416666
0.7279459635416666
0.7293294270833334
0.72509765625
0.7232259114583334
0.7256673177083334
0.7291666666666666
0.7288411458333334
0.7272135416666666
0.7234700520833334
0.7325846354166666
0.7316080729166666
0.723876953125
0.7201334635416666
0.727294921875
0.7257486979166666
0.723876953125
0.7215983072916666
0.7339680989583334
0.7229817708333334
0.7242838541666666
0.7275390625
0.7225748697916666
0.730224609375
0.72314453125
0.7234700520833334
0.7195638020833334
0.7232259114583334
0.7242838541666666
0.7202962239583334
0.7237141927083334
0.72412109375
0.7275390625
0.7315266927083334
0.7274576822916666
0.7325846354166666
0.7294921875
0.72314453125
0.7255859375
0.720458984375
0.7242024739583334
0.7127278645833334
0.7259114583333334
0.7247721354166666
0.7268880208333334
0.7242838541666666
0.7259928385416666
0.7255045572916666
0.7252604166666666
0.7266438802083334
0.7236328125
0.7203776041666666
0.7193196614583334
0.7251790364583334
0.7300618489583334
0.7176106770833334
0.7212727864583334
0.7228190104166666
0.726806640625
0.72802734375
0.720458984375
0.7202962239583334
0.7198893229166666
0.7224934895833334
0.723388671875
0.7183430989583334
0.7242838541666666
0.7232259114583334
0.7203776041666666
0.7201334635416666
0.7210286458333334
0.7224934895833334
0.7198079427083334
0.724365234375
0.7195638020833334
0.7217610677083334
0.7240397135416666
0.7146809895833334
0.7220865885416666
0.7180989583333334
0.7220865885416666
0.7220865885416666
0.720947265625
0.7198893229166666
0.718505859375
0.718994140625
0.723876953125
0.7247721354166666
0.720947265625
0.716796875
0.718017578125
0.7168782552083334
0.710205078125
0.7223307291666666
0.7180989583333334
0.717529296875
0.7220052083333334
0.72607421875
0.7212727864583334
0.7281901041666666
0.7154134114583334
0.720947265625
0.7218424479166666
0.7251790364583334
0.7210286458333334
0.72314453125
0.7146809895833334
0.712646484375
0.7176920572916666
0.7179361979166666
0.715087890625
0.7202962239583334
0.724609375
0.7203776041666666
0.7154947916666666
0.7206217447916666
0.7169596354166666
0.7222493489583334
0.7229817708333334
0.724609375
0.7147623697916666
0.71484375
0.7223307291666666
0.7284342447916666
0.7181803385416666
0.7174479166666666
0.7179361979166666
0.7177734375
0.7149251302083334
0.7208658854166666
0.7179361979166666
0.7216796875
0.7190755208333334
0.71337890625
