0.7364032451923077
0.6959885817307693
0.6817157451923077
0.6748046875
0.6807391826923077
0.6799879807692307
0.6756310096153846
0.6802133413461539
0.6730018028846154
0.6736778846153846
0.6765324519230769
0.6726262019230769
0.6739783653846154
0.6742037259615384
0.6787860576923077
0.6772836538461539
0.6807391826923077
0.6848707932692307
0.6784855769230769
0.6814152644230769
0.6696965144230769
0.6771334134615384
0.6733022836538461
0.6788611778846154
0.6842698317307693
0.6800631009615384
0.6823167067307693
0.6817157451923077
0.6733774038461539
0.6832932692307693
0.6786358173076923
0.6875
0.6763822115384616
0.6739783653846154
0.6805889423076923
0.681640625
0.6822415865384616
0.6784855769230769
0.6766075721153846
0.6796875
0.6864483173076923
0.6849459134615384
0.6818659855769231
0.677734375
0.6760817307692307
0.6874248798076923
0.6752554086538461
0.6681189903846154
0.6812650240384616
0.6819411057692307
0.6815655048076923
0.6826171875
0.6807391826923077
0.6863731971153846
0.6881009615384616
0.6873497596153846
0.6822415865384616
0.6758563701923077
0.6766826923076923
0.6789362980769231
0.6817157451923077
0.689453125
0.6892277644230769
0.6840444711538461
0.6827674278846154
0.67578125
0.6791616586538461
0.6852463942307693
0.6790114182692307
0.6813401442307693
0.6850210336538461
0.6764573317307693
0.6838942307692307
0.6769080528846154
0.6785606971153846
0.6770582932692307
0.6808894230769231
0.6804387019230769
0.6796875
0.6904296875
0.685546875
0.6828425480769231
0.6784855769230769
0.6904296875
0.6762319711538461
0.6817908653846154
0.6877253605769231
0.6787860576923077
0.6921574519230769
0.6832181490384616
0.6850961538461539
0.6859975961538461
0.6871995192307693
0.6842698317307693
0.6871995192307693
0.6851712740384616
0.6794621394230769
0.6800631009615384
0.6774338942307693
0.6858473557692307
0.6875
0.6917818509615384
0.6788611778846154
0.6788611778846154
0.6869741586538461
0.6915564903846154
0.6896033653846154
0.6886268028846154
0.6848707932692307
0.6888521634615384
0.69140625
0.6882512019230769
0.6923076923076923
0.6918569711538461
0.6852463942307693
0.6834435096153846
0.6901292067307693
0.6827674278846154
0.6853966346153846
0.6891526442307693
0.6866736778846154
0.6876502403846154
0.6912560096153846
0.6860727163461539
0.6869741586538461
0.6857722355769231
0.685546875
0.6910306490384616
0.6833683894230769
0.6883263221153846
0.6887770432692307
0.6883263221153846
0.6846454326923077
0.6926081730769231
0.6907301682692307
0.6857722355769231
0.6874248798076923
0.6850210336538461
0.6868239182692307
0.6869741586538461
0.6806640625
0.6849459134615384
0.6950120192307693
0.6876502403846154
0.6857722355769231
0.6814903846153846
0.6909555288461539
0.6928335336538461
0.6867487980769231
0.6893028846153846
0.6953125
0.6891526442307693
0.6909555288461539
0.6840444711538461
0.6885516826923077
0.6860727163461539
0.6880258413461539
0.6920823317307693
0.6908052884615384
0.6969651442307693
0.6884014423076923
0.6946364182692307
0.6905799278846154
0.6874248798076923
0.6926081730769231
0.6886268028846154
0.6867487980769231
0.6950871394230769
0.6915564903846154
0.6897536057692307
0.6929837740384616
0.6850210336538461
0.6827674278846154
0.6847956730769231
0.6874248798076923
0.6847205528846154
0.6882512019230769
0.6811899038461539
0.6942608173076923
0.6917067307692307
0.6911057692307693
0.6869741586538461
0.6925330528846154
0.6965144230769231
0.69140625
0.6914813701923077
0.6971153846153846
0.6876502403846154
0.6930588942307693
0.6929086538461539
0.6896784855769231
0.6884014423076923
0.6931340144230769
0.6918569711538461
0.6947866586538461
0.6925330528846154
0.6838942307692307
0.6907301682692307
0.6936598557692307
0.6928335336538461
0.6928335336538461
0.6954627403846154
0.6920072115384616
0.6900540865384616
0.6875751201923077
0.6911808894230769
0.6999699519230769
0.6860727163461539
0.6929837740384616
0.6938100961538461
0.6978665865384616
0.6938852163461539
0.6934344951923077
0.6935847355769231
0.6985426682692307
0.6964393028846154
0.6964393028846154
0.7003455528846154
0.6973407451923077
0.6982421875
0.6995192307692307
0.7025991586538461
0.6973407451923077
0.7033503605769231
0.6983924278846154
0.6962139423076923
0.6984675480769231
0.6932091346153846
0.6934344951923077
0.6927584134615384
0.7044771634615384
0.6953125
0.6939603365384616
0.6983924278846154
0.6996694711538461
0.6937349759615384
0.7016225961538461
0.7059044471153846
0.6980919471153846
0.6942608173076923
0.6912560096153846
0.689453125
0.6950120192307693
0.6967397836538461
0.6979417067307693
0.6954627403846154
0.6995192307692307
0.6995192307692307
0.6959134615384616
0.6938100961538461
0.6959885817307693
0.6934344951923077
0.6989933894230769
0.701171875
0.69921875
0.7043269230769231
0.6994441105769231
0.7005709134615384
0.7000450721153846
0.6954627403846154
0.7029747596153846
0.6979417067307693
0.6977163461538461
0.7024489182692307
0.6963641826923077
0.6936598557692307
0.7001201923076923
0.6947115384615384
0.6992938701923077
0.6999699519230769
0.7007211538461539
0.7032752403846154
0.7059795673076923
0.6974158653846154
0.6956129807692307
0.7013221153846154
0.6987680288461539
0.7001201923076923
0.69921875
0.7013972355769231
0.7004206730769231
0.7033503605769231
0.7003455528846154
0.7032752403846154
0.7032752403846154
0.7039513221153846
0.7010967548076923
0.7008713942307693
0.6940354567307693
0.6989182692307693
0.6993689903846154
0.6971905048076923
0.6991436298076923
0.7079326923076923
0.6995192307692307
0.7016225961538461
0.7014723557692307
0.7015474759615384
0.7022235576923077
0.7081580528846154
0.7086087740384616
0.7053786057692307
0.6974909855769231
0.6969651442307693
0.7068058894230769
0.7107872596153846
0.7002704326923077
0.7063551682692307
0.7053786057692307
0.7010216346153846
0.7047776442307693
0.7033503605769231
0.7052283653846154
0.7008713942307693
0.7080829326923077
0.7084585336538461
0.7098858173076923
0.7001201923076923
0.705078125
0.7083082932692307
0.7068058894230769
0.7017728365384616
0.7004957932692307
0.7060546875
0.7095853365384616
0.7062049278846154
0.7042518028846154
0.6987680288461539
0.7068058894230769
0.7038762019230769
0.6995943509615384
0.7035757211538461
0.7033503605769231
0.7059044471153846
0.70703125
0.7076322115384616
0.7051532451923077
0.7113882211538461
0.7053034855769231
0.7077073317307693
0.7069561298076923
0.7045522836538461
0.7062049278846154
0.7033503605769231
0.7100360576923077
0.7052283653846154
0.7129657451923077
0.7079326923076923
0.7096604567307693
0.70703125
0.7048527644230769
0.7056790865384616
0.7084585336538461
0.7044020432692307
0.7105618990384616
0.7151442307692307
0.7025991586538461
0.7053034855769231
0.7124399038461539
0.7153695913461539
0.7161959134615384
0.7141676682692307
0.7081580528846154
0.7054537259615384
0.7134915865384616
0.7116135817307693
0.7114633413461539
0.7122896634615384
0.7109375
0.7143179086538461
0.7090594951923077
0.7090594951923077
0.7057542067307693
0.7117638221153846
0.7043269230769231
0.70703125
0.7125901442307693
0.7059795673076923
0.7053786057692307
0.7203275240384616
0.7100360576923077
0.7133413461538461
0.7134915865384616
0.7137920673076923
0.7133413461538461
0.7130408653846154
0.7158954326923077
0.7098858173076923
0.7173978365384616
0.7126652644230769
0.7180739182692307
0.7150691105769231
0.7140174278846154
0.7135667067307693
0.7137169471153846
0.7182241586538461
0.7164212740384616
0.7222055288461539
0.7172475961538461
0.7201772836538461
0.7217548076923077
0.7158954326923077
0.7131911057692307
0.7210036057692307
0.7150691105769231
0.7121394230769231
0.7182992788461539
0.7129657451923077
0.72265625
0.7228064903846154
0.7176983173076923
0.7120643028846154
0.7116135817307693
0.7128155048076923
0.7170973557692307
0.7113131009615384
0.7178485576923077
0.7160456730769231
0.7125901442307693
0.7216045673076923
0.7210787259615384
0.7179987980769231
0.7144681490384616
0.7217548076923077
0.7242337740384616
0.7152944711538461
0.7189002403846154
0.7163461538461539
0.7143930288461539
0.7153695913461539
0.7100360576923077
0.7125150240384616
0.7174729567307693
0.7137920673076923
0.7146935096153846
0.7190504807692307
0.7173227163461539
0.7174729567307693
0.7163461538461539
0.7159705528846154
0.7158203125
0.7174729567307693
0.7150691105769231
0.7196514423076923
0.71875
0.712890625
0.7203275240384616
0.7219050480769231
0.7174729567307693
0.7179236778846154
0.7182992788461539
0.7197265625
0.71875
0.716796875
0.7215294471153846
0.7182992788461539
0.7212289663461539
0.7234074519230769
0.7267127403846154
0.7282151442307693
0.7257361778846154
0.7227313701923077
0.7251352163461539
0.7242337740384616
0.7185246394230769
0.7201772836538461
0.7196514423076923
0.7236328125
0.7207782451923077
0.7204026442307693
0.7192758413461539
0.7252103365384616
0.7253605769230769
0.7317457932692307
0.7214543269230769
0.7236328125
0.7228816105769231
0.7262620192307693
0.7217548076923077
0.7254356971153846
0.7190504807692307
0.7261117788461539
0.7246844951923077
0.7255859375
0.7179987980769231
0.7242337740384616
0.7302433894230769
0.7229567307692307
0.7225060096153846
0.7253605769230769
0.7218299278846154
0.7191256009615384
0.7237830528846154
0.7251352163461539
0.7229567307692307
0.720703125
0.7274639423076923
0.7265625
0.7260366586538461
0.7215294471153846
0.7228064903846154
0.7231820913461539
0.7234074519230769
0.7258112980769231
0.7269381009615384
0.7315955528846154
0.7276893028846154
0.7248347355769231
0.7267878605769231
0.7274639423076923
0.7228064903846154
0.7146935096153846
0.7231820913461539
0.7177734375
0.7274639423076923
0.7305438701923077
0.7306941105769231
0.7245342548076923
0.7288161057692307
0.7311448317307693
0.7376051682692307
0.7308443509615384
0.7279146634615384
0.7330979567307693
0.7264122596153846
0.7288912259615384
0.7261868990384616
0.7297926682692307
0.7300931490384616
0.7294921875
0.7252103365384616
0.7278395432692307
0.7242337740384616
0.7294921875
0.73046875
0.7303185096153846
0.7287409855769231
0.7311448317307693
0.7333233173076923
0.7339242788461539
0.7352764423076923
0.7326472355769231
0.7335486778846154
0.7319711538461539
0.7303185096153846
0.7320462740384616
0.7358774038461539
0.7417367788461539
0.7409855769230769
0.7339242788461539
0.7324969951923077
0.7356520432692307
0.7270883413461539
0.7300931490384616
0.7399338942307693
0.7371544471153846
0.7318960336538461
0.7364783653846154
0.7397836538461539
0.7414362980769231
0.7418118990384616
0.7345252403846154
0.7400090144230769
0.7406099759615384
0.7342247596153846
0.7361027644230769
0.7390324519230769
0.7427133413461539
0.7433894230769231
0.7387319711538461
0.7365534855769231
0.7412109375
0.7442908653846154
0.7413611778846154
0.7489483173076923
0.7464693509615384
0.7471454326923077
0.7369290865384616
0.7339242788461539
0.7366286057692307
0.7427133413461539
0.7367037259615384
0.7383563701923077
0.7356520432692307
0.7389573317307693
0.7430889423076923
0.7433143028846154
0.7370042067307693
0.7413611778846154
0.7450420673076923
0.7427884615384616
0.7451923076923077
0.7434645432692307
0.7454176682692307
0.7403094951923077
0.7404597355769231
0.7474459134615384
0.7493239182692307
0.7390324519230769
0.7488731971153846
0.7495492788461539
0.7522536057692307
0.7489483173076923
0.7452674278846154
0.7481971153846154
0.75
0.7460186298076923
0.7515024038461539
0.7515024038461539
0.7488731971153846
0.7536808894230769
0.7467698317307693
0.7500751201923077
0.7515775240384616
0.7451171875
0.7498497596153846
0.7498497596153846
0.7554837740384616
0.7564603365384616
0.7565354567307693
0.7555588942307693
0.7572115384615384
0.7583383413461539
0.7623197115384616
0.7634465144230769
0.7582632211538461
0.7574368990384616
0.7599909855769231
0.7614933894230769
0.7621694711538461
0.7605919471153846
0.7580378605769231
0.759765625
0.7633713942307693
0.7609675480769231
0.7624699519230769
0.7623197115384616
0.7617938701923077
0.7648737980769231
0.7666015625
0.7703575721153846
0.7663010817307693
0.7743389423076923
0.7696814903846154
0.7749399038461539
0.7750901442307693
0.77734375
0.7769681490384616
0.7756911057692307
0.7758413461538461
0.7710336538461539
0.7810246394230769
0.7808743990384616
0.7788461538461539
0.7804987980769231
0.7744891826923077
0.7750150240384616
0.7785456730769231
0.7777944711538461
0.7795222355769231
0.7737379807692307
0.7821514423076923
0.7793719951923077
0.7823016826923077
0.7887620192307693
0.7931189903846154
0.7961989182692307
0.8004056490384616
0.7971754807692307
0.798828125
0.7962740384615384
0.7961989182692307
0.8004056490384616
0.8040114182692307
0.8070162259615384
0.8015324519230769
0.8052884615384616
0.8063401442307693
0.8029597355769231
0.8055138221153846
0.8092698317307693
0.8083683894230769
0.8079176682692307
0.8043870192307693
0.8055138221153846
0.8131009615384616
0.8112980769230769
0.8141526442307693
0.8127253605769231
0.8146784855769231
0.8100961538461539
0.8155799278846154
0.8150540865384616
0.818359375
0.8215144230769231
0.8218900240384616
0.8259465144230769
0.8227163461538461
0.8269230769230769
0.8289513221153846
0.8254206730769231
0.8278996394230769
0.8233924278846154
0.8294771634615384
0.8301532451923077
0.8366135817307693
0.8347355769230769
0.8336087740384616
0.8286508413461539
0.8307542067307693
0.83203125
0.8386418269230769
0.8350360576923077
0.8340594951923077
0.8365384615384616
0.8376652644230769
0.8432241586538461
0.8396183894230769
0.8423227163461539
0.8429987980769231
0.8428485576923077
0.8475811298076923
0.8432992788461539
0.8420222355769231
0.8421724759615384
0.8490835336538461
0.8499098557692307
0.8544170673076923
0.8538912259615384
0.8541165865384616
0.8561448317307693
0.8560697115384616
0.8492337740384616
0.8549429086538461
0.8594501201923077
0.8644080528846154
0.8632061298076923
0.8599008413461539
0.861328125
0.8686147836538461
0.8674128605769231
0.8674128605769231
0.8631310096153846
0.8650841346153846
0.8660606971153846
0.8647085336538461
0.8675631009615384
0.8688401442307693
0.8686147836538461
0.8676382211538461
0.8655348557692307
0.8674879807692307
0.8686899038461539
0.8716947115384616
0.8740985576923077
0.8738731971153846
0.8704927884615384
0.8725961538461539
0.8725210336538461
0.8782301682692307
0.8728966346153846
0.8760516826923077
0.8781550480769231
0.8780799278846154
0.8748497596153846
0.8768028846153846
0.8718449519230769
0.8746243990384616
0.8821364182692307
0.8807091346153846
0.87890625
0.8786057692307693
0.8816856971153846
0.8856670673076923
0.8870192307692307
0.8873197115384616
0.8837890625
0.8871694711538461
0.8924278846153846
0.8919771634615384
0.8890474759615384
0.8889723557692307
0.8919771634615384
0.8964092548076923
0.8937800480769231
0.8919771634615384
0.8925030048076923
0.8928034855769231
0.8934044471153846
0.8918269230769231
0.8956580528846154
0.8946063701923077
0.8987379807692307
0.9017427884615384
0.900390625
0.9014423076923077
0.8968599759615384
0.9013671875
0.8975360576923077
0.9014423076923077
0.9052734375
0.9033954326923077
0.9058743990384616
0.9051983173076923
0.9046724759615384
0.9031700721153846
0.9055739182692307
0.9021935096153846
0.9018179086538461
0.9016676682692307
0.9036959134615384
0.9046724759615384
0.9071514423076923
0.9097055288461539
0.9110576923076923
0.9097055288461539
0.9109825721153846
0.916015625
0.9164663461538461
0.9162409855769231
0.9166917067307693
0.9145883413461539
0.9161658653846154
0.9205228365384616
0.9178936298076923
0.9205979567307693
0.9203725961538461
0.9205979567307693
0.919921875
0.9202223557692307
0.9209735576923077
0.9211989182692307
0.9219501201923077
0.9202974759615384
0.9214242788461539
0.9205228365384616
0.923828125
0.9245042067307693
0.9239783653846154
0.9233022836538461
0.9245793269230769
0.9269080528846154
0.9269080528846154
0.9284104567307693
0.9268329326923077
0.9262319711538461
0.9328425480769231
0.9336688701923077
0.9338191105769231
0.9343449519230769
0.9334435096153846
0.9333683894230769
0.9320162259615384
0.9354717548076923
0.9353966346153846
0.9325420673076923
0.9332181490384616
0.9331430288461539
0.9356219951923077
0.9361478365384616
0.9380258413461539
0.9374248798076923
0.9358473557692307
0.9365234375
0.9359224759615384
0.9370492788461539
0.9406550480769231
0.9390775240384616
0.9378004807692307
0.9397536057692307
0.9367487980769231
0.9416316105769231
0.9369741586538461
0.9406550480769231
0.9411057692307693
0.9427584134615384
0.9387019230769231
0.9385516826923077
0.9412560096153846
0.9445612980769231
0.9408052884615384
0.9445612980769231
0.939453125
0.9396784855769231
0.9389272836538461
0.9409555288461539
0.9429086538461539
0.9423828125
0.9409555288461539
0.9415564903846154
0.9442608173076923
0.9450871394230769
0.9465144230769231
0.9471905048076923
0.9482421875
0.9486177884615384
0.9467397836538461
0.9457632211538461
0.9478665865384616
0.9514723557692307
0.9508713942307693
0.9505709134615384
0.94921875
0.9512469951923077
0.9490685096153846
0.9548527644230769
0.9519981971153846
0.9501201923076923
0.9522986778846154
0.9524489182692307
0.953125
0.9529747596153846
0.9528245192307693
0.9543269230769231
0.9534254807692307
0.9541015625
0.9535757211538461
0.9535757211538461
0.9540264423076923
0.9542518028846154
0.9558293269230769
0.9540264423076923
0.9553034855769231
0.9583834134615384
0.9569561298076923
0.9580078125
0.958984375
0.9565805288461539
0.9604116586538461
0.9605618990384616
0.9601862980769231
0.9582331730769231
0.9561298076923077
0.9576322115384616
0.9607121394230769
0.9608623798076923
0.9601862980769231
0.958984375
0.9601862980769231
0.9613882211538461
0.9600360576923077
0.9606370192307693
0.9593599759615384
0.9640174278846154
0.9614633413461539
0.9611628605769231
0.9610877403846154
0.9607872596153846
0.9595853365384616
0.9603365384615384
0.9613131009615384
0.9658203125
0.9634164663461539
0.9613131009615384
0.9618389423076923
0.9631911057692307
0.9634915865384616
0.9665715144230769
0.9661207932692307
0.9637920673076923
0.9618389423076923
0.9637920673076923
0.9661207932692307
0.9671724759615384
0.9651442307692307
0.9664212740384616
0.9657451923076923
0.9676231971153846
0.9661207932692307
0.9654447115384616
0.9649939903846154
0.9667217548076923
0.9663461538461539
0.9660456730769231
0.9670222355769231
0.9669471153846154
0.9655949519230769
0.9669471153846154
0.9674729567307693
0.9670222355769231
0.9662710336538461
0.9655198317307693
0.9664963942307693
0.9650691105769231
0.9637169471153846
0.9643179086538461
0.9619891826923077
0.9633413461538461
0.9680739182692307
0.9677734375
0.9685246394230769
0.96875
0.9668719951923077
0.9673227163461539
0.9665715144230769
0.9692758413461539
0.9675480769230769
0.9673227163461539
0.9679987980769231
0.9678485576923077
0.9698016826923077
