0.9698016826923077
0.9672475961538461
0.9698016826923077
0.9679987980769231
0.9673227163461539
0.9686748798076923
0.9666466346153846
0.9678485576923077
0.9672475961538461
0.96875
0.9680739182692307
0.9685997596153846
0.9661207932692307
0.9664963942307693
0.9670973557692307
0.9673978365384616
0.9697265625
0.9676231971153846
0.9670222355769231
0.9657451923076923
0.9674729567307693
0.9695763221153846
0.9682241586538461
0.9682992788461539
0.9698768028846154
0.9696514423076923
0.9658203125
0.9652193509615384
0.9677734375
0.9683743990384616
0.9656700721153846
0.9641676682692307
0.9669471153846154
0.9661207932692307
0.9665715144230769
0.9645432692307693
0.9636418269230769
0.9658203125
0.9651442307692307
0.9655198317307693
0.9641676682692307
0.9666466346153846
0.9677734375
0.96484375
0.966796875
0.9667217548076923
0.9673978365384616
0.9655198317307693
0.9665715144230769
0.9658954326923077
0.9670973557692307
0.9653695913461539
0.9637920673076923
0.9661959134615384
0.9641676682692307
0.9639423076923077
0.9649188701923077
0.9644681490384616
0.9643930288461539
0.9658954326923077
0.9661207932692307
0.9676983173076923
0.9676983173076923
0.9673227163461539
0.9673227163461539
0.9693509615384616
0.9693509615384616
0.9697265625
0.9689753605769231
0.9677734375
0.9661959134615384
0.9671724759615384
0.9684495192307693
0.9666466346153846
0.9665715144230769
0.9664212740384616
0.9664963942307693
0.9685246394230769
0.9660456730769231
0.9667217548076923
0.9668719951923077
0.9658203125
0.9661959134615384
0.9673978365384616
0.9660456730769231
0.9682241586538461
0.9706280048076923
0.9670973557692307
0.9659705528846154
0.9661959134615384
0.9656700721153846
0.9658203125
0.9665715144230769
0.9666466346153846
0.96484375
0.9645432692307693
0.9659705528846154
0.9670973557692307
0.9660456730769231
0.9669471153846154
0.9656700721153846
0.9666466346153846
0.9657451923076923
0.9676983173076923
0.966796875
0.9642427884615384
0.9662710336538461
0.9681490384615384
0.9658954326923077
0.9667217548076923
0.9643930288461539
0.9658954326923077
0.9654447115384616
0.9667217548076923
0.9661207932692307
0.9649939903846154
0.966796875
0.9649188701923077
0.9652193509615384
0.9645432692307693
0.9655198317307693
0.9661959134615384
0.9652944711538461
0.9667217548076923
0.9663461538461539
0.9678485576923077
0.9650691105769231
0.9682241586538461
0.9660456730769231
0.962890625
0.9607121394230769
0.9603365384615384
0.9621394230769231
0.9637169471153846
0.9643179086538461
0.9630408653846154
0.9633413461538461
0.9637920673076923
0.9608623798076923
0.9656700721153846
0.9661207932692307
0.9661959134615384
0.9658954326923077
0.9652944711538461
0.9661959134615384
0.9661959134615384
0.9659705528846154
0.9680739182692307
0.9652944711538461
0.9650691105769231
0.9670222355769231
0.9674729567307693
0.9652944711538461
0.9671724759615384
0.9682992788461539
0.9676983173076923
0.9655949519230769
0.9656700721153846
0.9673227163461539
0.9659705528846154
0.9669471153846154
0.9651442307692307
0.9655198317307693
0.9651442307692307
0.9647686298076923
0.9653695913461539
0.9640174278846154
0.96484375
0.9658203125
0.9667217548076923
0.9661207932692307
0.9671724759615384
0.9638671875
0.9634915865384616
0.9638671875
0.9637169471153846
0.9616887019230769
0.9608623798076923
0.9625901442307693
0.9619140625
0.9658203125
0.9642427884615384
0.9651442307692307
0.9630408653846154
0.9637169471153846
0.962890625
0.9646935096153846
0.9656700721153846
0.9631911057692307
0.9632662259615384
0.9612379807692307
0.9628155048076923
0.9640174278846154
0.9613882211538461
0.9645432692307693
0.9633413461538461
0.9634164663461539
0.9638671875
0.9637920673076923
0.9625901442307693
0.9610126201923077
0.9613882211538461
0.9640925480769231
0.9632662259615384
0.9621394230769231
0.9634915865384616
0.9601862980769231
0.9643179086538461
0.9622896634615384
0.9646935096153846
0.9625901442307693
0.9639423076923077
0.962890625
0.962890625
0.9618389423076923
0.9640925480769231
0.9658203125
0.9619140625
0.9626652644230769
0.9610126201923077
0.9625901442307693
0.9574068509615384
0.9615384615384616
0.9624399038461539
0.9636418269230769
0.9625901442307693
0.9625901442307693
0.9619891826923077
0.9620643028846154
0.9637920673076923
0.9638671875
0.9634915865384616
0.9640174278846154
0.9622145432692307
0.9652193509615384
0.9640925480769231
0.9657451923076923
0.9620643028846154
0.9622896634615384
0.9637169471153846
0.9635667067307693
0.9619140625
0.9622896634615384
0.9634164663461539
0.9621394230769231
0.9642427884615384
0.9652944711538461
0.9643930288461539
0.9670973557692307
0.9622145432692307
0.9619140625
0.9637920673076923
0.9654447115384616
0.9686748798076923
0.9638671875
0.9638671875
0.9644681490384616
0.9673978365384616
0.96484375
0.9643930288461539
0.9657451923076923
0.9659705528846154
0.9661959134615384
0.9647686298076923
0.9654447115384616
0.9650691105769231
0.9652944711538461
0.9635667067307693
0.9649939903846154
0.9635667067307693
0.9613882211538461
0.9626652644230769
0.9647686298076923
0.9641676682692307
0.9625150240384616
0.9602614182692307
0.9611628605769231
0.9637169471153846
0.9622896634615384
0.9602614182692307
0.9589092548076923
0.9602614182692307
0.9601862980769231
0.9591346153846154
0.9596604567307693
0.9580829326923077
0.9610877403846154
0.9610877403846154
0.9603365384615384
0.9608623798076923
0.9621394230769231
0.9604116586538461
0.9607121394230769
0.9626652644230769
0.9595853365384616
0.9622145432692307
0.9610126201923077
0.9623647836538461
0.9598858173076923
0.9600360576923077
0.9612379807692307
0.9599609375
0.9585336538461539
0.9586838942307693
0.9561298076923077
0.9556790865384616
0.9589092548076923
0.9604867788461539
0.9580829326923077
0.9589092548076923
0.9565805288461539
0.9580829326923077
0.9583834134615384
0.9603365384615384
0.9599609375
0.9604116586538461
0.9616887019230769
0.9600360576923077
0.9616135817307693
0.9610877403846154
0.9597355769230769
0.9591346153846154
0.9637169471153846
0.9598106971153846
0.9590594951923077
0.9583834134615384
0.9580829326923077
0.9580078125
0.9591346153846154
0.9583834134615384
0.9572566105769231
0.9545522836538461
0.9582331730769231
0.9581580528846154
0.9574068509615384
0.9583082932692307
0.9574819711538461
0.9518479567307693
0.9549278846153846
0.9548527644230769
0.9552283653846154
0.9591346153846154
0.9576322115384616
0.9576322115384616
0.9567307692307693
0.9553034855769231
0.9602614182692307
0.9571063701923077
0.9576322115384616
0.9567307692307693
0.9562049278846154
0.9586087740384616
0.9582331730769231
0.9562800480769231
0.9565805288461539
0.9559044471153846
0.9610877403846154
0.9616887019230769
0.9650691105769231
0.9602614182692307
0.9635667067307693
0.9608623798076923
0.9586087740384616
0.9610877403846154
0.9649188701923077
0.9613882211538461
0.9586838942307693
0.9606370192307693
0.9572566105769231
0.9599609375
0.9606370192307693
0.9601862980769231
0.9565054086538461
0.95703125
0.9585336538461539
0.9573317307692307
0.9583834134615384
0.9634164663461539
0.9585336538461539
0.958984375
0.9586087740384616
0.9561298076923077
0.9577824519230769
0.9582331730769231
0.9566556490384616
0.9590594951923077
0.9613131009615384
0.9545522836538461
0.9598106971153846
0.9598858173076923
0.9600360576923077
0.9592848557692307
0.9577824519230769
0.9555288461538461
0.9578575721153846
0.9564302884615384
0.9580078125
0.9569561298076923
0.9585336538461539
0.9564302884615384
0.9554537259615384
0.9559044471153846
0.9565054086538461
0.9543269230769231
0.9601111778846154
0.9580078125
0.9559795673076923
0.9561298076923077
0.9583834134615384
0.9574068509615384
0.9562800480769231
0.9580829326923077
0.9566556490384616
0.9608623798076923
0.9583082932692307
0.9548527644230769
0.9565054086538461
0.9537259615384616
0.9565054086538461
0.955078125
0.9566556490384616
0.9532752403846154
0.9527493990384616
0.9546274038461539
0.9573317307692307
0.9534254807692307
0.9544771634615384
0.9530498798076923
0.9566556490384616
0.9581580528846154
0.9530498798076923
0.9528245192307693
0.9538762019230769
0.9486177884615384
0.9515474759615384
0.9498948317307693
0.9529747596153846
0.9494441105769231
0.9510216346153846
0.9505709134615384
0.9514723557692307
0.9503455528846154
0.9538762019230769
0.9515474759615384
0.9498948317307693
0.9520733173076923
0.9500450721153846
0.9496694711538461
0.9480168269230769
0.947265625
0.9456881009615384
0.9489933894230769
0.9471905048076923
0.9474158653846154
0.9522235576923077
0.9514723557692307
0.9491436298076923
0.9498197115384616
0.9471905048076923
0.9515474759615384
0.9515474759615384
0.9465144230769231
0.9453125
0.9473407451923077
0.9495943509615384
0.9474158653846154
0.9498948317307693
0.9481670673076923
0.9455378605769231
0.9477163461538461
0.9471905048076923
0.9435847355769231
0.9459134615384616
0.9444110576923077
0.9488431490384616
0.9518479567307693
0.9467397836538461
0.9502704326923077
0.9519981971153846
0.9455378605769231
0.9483173076923077
0.9467397836538461
0.9495192307692307
0.9517728365384616
0.9475661057692307
0.9499699519230769
0.9502704326923077
0.9450871394230769
0.9453876201923077
0.9453125
0.9482421875
0.9456129807692307
0.9468149038461539
0.9464393028846154
0.9474158653846154
0.94921875
0.9473407451923077
0.9498948317307693
0.9447866586538461
0.9439603365384616
0.9449368990384616
0.9483924278846154
0.9474158653846154
0.9466646634615384
0.9443359375
0.9447866586538461
0.94140625
0.9429086538461539
0.9460637019230769
0.9415564903846154
0.9420823317307693
0.9447115384615384
0.9450871394230769
0.9453125
0.9462890625
0.9435847355769231
0.9453876201923077
0.9458383413461539
0.9486929086538461
0.9496694711538461
0.9513221153846154
0.9481670673076923
0.9456881009615384
0.9423828125
0.9435096153846154
0.9458383413461539
0.9453876201923077
0.9465895432692307
0.94140625
0.9442608173076923
0.9431340144230769
0.9369741586538461
0.9409555288461539
0.9432842548076923
0.9474909855769231
0.9395282451923077
0.9402043269230769
0.9439603365384616
0.9412560096153846
0.9444861778846154
0.9400540865384616
0.9400540865384616
0.9384014423076923
0.9442608173076923
0.9432091346153846
0.9402043269230769
0.9431340144230769
0.9453125
0.9462139423076923
0.9466646634615384
0.9424579326923077
0.9459134615384616
0.9459134615384616
0.9441105769230769
0.9396033653846154
0.94140625
0.9358473557692307
0.9396784855769231
0.9384765625
0.9397536057692307
0.9407301682692307
0.9387019230769231
0.9378756009615384
0.9378756009615384
0.9368239182692307
0.9408052884615384
0.9402043269230769
0.9409555288461539
0.9427584134615384
0.9372746394230769
0.9376502403846154
0.9360727163461539
0.9331430288461539
0.9305138221153846
0.9340444711538461
0.9315655048076923
0.9309645432692307
0.9350961538461539
0.9311899038461539
0.9343449519230769
0.9318659855769231
0.9329176682692307
0.9340444711538461
0.9326923076923077
0.9306640625
0.9343449519230769
0.9317908653846154
0.9306640625
0.9324669471153846
0.9327674278846154
0.9356219951923077
0.9351712740384616
0.9344951923076923
0.9329927884615384
0.9332932692307693
0.9303635817307693
0.9253305288461539
0.9291616586538461
0.9272085336538461
0.9290114182692307
0.9302884615384616
0.9293118990384616
0.9310396634615384
0.9258563701923077
0.9327674278846154
0.9307391826923077
0.9293870192307693
0.9259314903846154
0.9208984375
0.9248046875
0.9189453125
0.9254056490384616
0.9244290865384616
0.9260066105769231
0.9307391826923077
0.9233774038461539
0.9242037259615384
0.9255558894230769
0.9254056490384616
0.9258563701923077
0.9262319711538461
0.9221754807692307
0.9273587740384616
0.9242788461538461
0.9199969951923077
0.9182692307692307
0.9213491586538461
0.921875
0.9172175480769231
0.9148137019230769
0.9181189903846154
0.9190955528846154
0.9166917067307693
0.9202974759615384
0.921875
0.9184945913461539
0.9245793269230769
0.9172926682692307
0.9180438701923077
0.9132361778846154
0.919921875
0.9243539663461539
0.9205979567307693
0.9223257211538461
0.9217247596153846
0.9222506009615384
0.9224759615384616
0.9205228365384616
0.9221003605769231
0.9196965144230769
0.9223257211538461
0.9244290865384616
0.9157902644230769
0.9184945913461539
0.9222506009615384
0.9194711538461539
0.9252554086538461
0.9214993990384616
0.9197716346153846
0.9211989182692307
0.9197716346153846
0.9226262019230769
0.9202223557692307
0.9195462740384616
0.9196213942307693
0.9169170673076923
0.9170673076923077
0.9161658653846154
0.9264573317307693
0.9202223557692307
0.9167668269230769
0.9163161057692307
0.9177433894230769
0.9234525240384616
0.9184194711538461
0.9177433894230769
0.9186448317307693
0.9191706730769231
0.9204477163461539
0.9186448317307693
0.9155649038461539
0.9183443509615384
0.9181189903846154
0.9195462740384616
0.9233022836538461
0.9200721153846154
0.9224759615384616
0.9148888221153846
0.9160907451923077
0.9176682692307693
0.9154146634615384
0.9147385817307693
0.9130108173076923
0.9121844951923077
0.9163161057692307
0.91796875
0.9152644230769231
0.9133864182692307
0.9163912259615384
0.9206730769230769
0.9133864182692307
0.9128605769230769
0.9141376201923077
0.9072265625
0.9091796875
0.9085036057692307
0.9130108173076923
0.9184194711538461
0.9144381009615384
0.9114332932692307
0.9050480769230769
0.9063251201923077
0.9075270432692307
0.904296875
0.9048978365384616
0.9039212740384616
0.9100060096153846
0.9033203125
0.9041466346153846
0.9095552884615384
0.9058743990384616
0.90234375
0.9064002403846154
0.9072265625
0.9091045673076923
0.9056490384615384
0.9057992788461539
0.9059495192307693
0.9068509615384616
0.9073016826923077
0.9070012019230769
0.9027193509615384
0.9057241586538461
0.9085036057692307
0.9030949519230769
0.9004657451923077
0.9013671875
0.9010667067307693
0.8996394230769231
0.8974609375
0.8940805288461539
0.8920522836538461
0.8949819711538461
0.8931790865384616
0.8905498798076923
0.8956580528846154
0.8975360576923077
0.8923527644230769
0.8916015625
0.8930288461538461
0.8870192307692307
0.8876953125
0.8852163461538461
0.8798076923076923
0.8786057692307693
0.8722956730769231
0.8770282451923077
0.8733473557692307
0.8810847355769231
0.8772536057692307
0.8771033653846154
0.8780799278846154
0.8781550480769231
0.8756760817307693
0.8741736778846154
0.8756760817307693
0.8740985576923077
0.8729717548076923
0.8759765625
0.8731971153846154
0.8718449519230769
0.8695162259615384
0.8630558894230769
0.8698167067307693
0.8639573317307693
0.8649338942307693
0.8599759615384616
0.8623046875
0.8562950721153846
0.8544170673076923
0.8560697115384616
0.8455528846153846
0.8544921875
0.8494591346153846
0.8496844951923077
0.8542668269230769
0.8486328125
0.8487830528846154
0.8379657451923077
0.8439753605769231
0.8448016826923077
0.8416466346153846
0.8381911057692307
0.8372896634615384
0.8408203125
0.8342097355769231
0.8324819711538461
0.8334585336538461
0.8385667067307693
0.8319561298076923
0.8314302884615384
0.8251953125
0.8252704326923077
0.8238431490384616
0.8207632211538461
0.8121243990384616
0.8137019230769231
0.8013070913461539
0.8150540865384616
0.8114483173076923
0.8055889423076923
0.8016826923076923
0.7945462740384616
0.7972506009615384
0.80078125
0.7986778846153846
0.79296875
0.7908653846153846
0.7931189903846154
0.7857572115384616
0.7915414663461539
0.7862830528846154
0.7884615384615384
0.7873347355769231
0.775390625
0.7778695913461539
0.7706580528846154
0.7677283653846154
0.7642728365384616
0.7539813701923077
0.7576622596153846
0.7524789663461539
0.7477463942307693
0.7435396634615384
0.73828125
0.7327223557692307
0.7306189903846154
0.7165715144230769
0.7179236778846154
0.7219801682692307
0.7197265625
0.7207782451923077
0.7155198317307693
0.7174729567307693
0.7186748798076923
0.7179987980769231
0.7170973557692307
0.7120643028846154
0.7125150240384616
0.7047776442307693
0.7028245192307693
0.7035757211538461
0.7062049278846154
0.6926832932692307
0.6918569711538461
0.6905048076923077
0.7051532451923077
0.6880258413461539
0.6887770432692307
0.6792367788461539
0.6887019230769231
0.6875751201923077
0.6886268028846154
0.6897536057692307
0.6802133413461539
0.6888521634615384
0.6889272836538461
0.6830679086538461
0.6903545673076923
0.6881009615384616
0.6873497596153846
0.6856971153846154
0.6801382211538461
0.6887019230769231
0.6917818509615384
0.6861478365384616
0.6817908653846154
0.6844200721153846
0.6853966346153846
0.6817157451923077
0.6857722355769231
0.6832932692307693
0.6868990384615384
0.6776592548076923
0.6917067307692307
0.6792367788461539
0.6826923076923077
0.6829176682692307
0.6891526442307693
0.6900540865384616
0.6846454326923077
0.6854717548076923
0.6878756009615384
0.6832932692307693
0.6886268028846154
0.6862980769230769
0.6920823317307693
0.6840444711538461
0.6864483173076923
0.6847956730769231
0.6790865384615384
0.6834435096153846
0.6868239182692307
0.6762319711538461
0.6826923076923077
0.6886268028846154
0.6832181490384616
0.685546875
0.6859224759615384
0.6824669471153846
0.689453125
0.68359375
0.6807391826923077
0.6850961538461539
0.6884765625
0.6897536057692307
0.6887770432692307
0.6853215144230769
0.6844951923076923
0.6833683894230769
0.6916316105769231
0.6847205528846154
0.6898287259615384
0.6836688701923077
0.6856971153846154
0.6836688701923077
0.6791616586538461
0.6868990384615384
0.6872746394230769
0.6881760817307693
0.6841195913461539
0.6811899038461539
0.6852463942307693
0.6786358173076923
0.6766075721153846
0.6783353365384616
0.6773587740384616
0.6860727163461539
0.6790114182692307
0.6899789663461539
0.67578125
0.6712740384615384
0.6824669471153846
0.6854717548076923
0.6808143028846154
0.68359375
0.6832932692307693
0.6827674278846154
0.6852463942307693
0.6819411057692307
0.6873497596153846
0.6863731971153846
0.6890024038461539
0.6842698317307693
0.681640625
0.6805138221153846
0.6781099759615384
0.6784104567307693
0.6795372596153846
0.677734375
0.6813401442307693
0.6733022836538461
0.6769831730769231
0.6799128605769231
0.6774338942307693
0.685546875
0.6791616586538461
0.6799879807692307
0.6775090144230769
0.6785606971153846
0.6780348557692307
0.6751051682692307
0.6774338942307693
0.6745042067307693
0.6757061298076923
0.6814152644230769
0.6729266826923077
0.6852463942307693
0.6754807692307693
0.6745042067307693
0.6807391826923077
0.6778846153846154
0.6813401442307693
0.6841195913461539
0.6751802884615384
0.6785606971153846
0.6765324519230769
0.6708233173076923
0.6805889423076923
0.6799128605769231
0.6807391826923077
0.6818659855769231
0.6840444711538461
0.6790114182692307
0.6809645432692307
0.6823918269230769
0.6823167067307693
0.6786358173076923
0.6716496394230769
0.6754807692307693
0.6761568509615384
