0.9499699519230769
0.9495192307692307
0.947265625
0.9480168269230769
0.9478665865384616
0.9485426682692307
0.9499699519230769
0.9501201923076923
0.9513221153846154
0.9517728365384616
0.9516977163461539
0.9502704326923077
0.9488431490384616
0.9517728365384616
0.9509465144230769
0.9519981971153846
0.9526742788461539
0.9504957932692307
0.9513221153846154
0.9513972355769231
0.9504206730769231
0.9513221153846154
0.9516225961538461
0.9504206730769231
0.9510967548076923
0.9507211538461539
0.9523737980769231
0.9535757211538461
0.9530498798076923
0.953125
0.9514723557692307
0.951171875
0.9496694711538461
0.9510967548076923
0.9525991586538461
0.9535006009615384
0.9535757211538461
0.9523737980769231
0.9544020432692307
0.9524489182692307
0.9525991586538461
0.9553786057692307
0.9545522836538461
0.9525991586538461
0.9517728365384616
0.9512469951923077
0.9499699519230769
0.951171875
0.9495192307692307
0.9509465144230769
0.9519981971153846
0.9522235576923077
0.9520733173076923
0.9528996394230769
0.9525240384615384
0.9523737980769231
0.9518479567307693
0.9524489182692307
0.9539513221153846
0.9545522836538461
0.9537259615384616
0.9536508413461539
0.9516977163461539
0.9516977163461539
0.9532752403846154
0.9551532451923077
0.9525240384615384
0.9553034855769231
0.9533503605769231
0.9525240384615384
0.9516977163461539
0.9525240384615384
0.9518479567307693
0.9544771634615384
0.9544771634615384
0.9555288461538461
0.9560546875
0.9547776442307693
0.9540264423076923
0.9527493990384616
0.9548527644230769
0.9556039663461539
0.9550030048076923
0.9578575721153846
0.9586087740384616
0.9587590144230769
0.9585336538461539
0.9580078125
0.9571814903846154
0.9559044471153846
0.9574068509615384
0.9565805288461539
0.9579326923076923
0.9553786057692307
0.955078125
0.9542518028846154
0.9535757211538461
0.9529747596153846
0.9527493990384616
0.9553786057692307
0.9550030048076923
0.9538762019230769
0.9525991586538461
0.9526742788461539
0.9516225961538461
0.9529747596153846
0.9541766826923077
0.9553786057692307
0.9564302884615384
0.9544020432692307
0.9522986778846154
0.9548527644230769
0.9538762019230769
0.9526742788461539
0.9522986778846154
0.9541766826923077
0.9528245192307693
0.9522986778846154
0.9528245192307693
0.9528996394230769
0.9525991586538461
0.953125
0.9528996394230769
0.9535006009615384
0.951171875
0.9545522836538461
0.9539513221153846
0.9533503605769231
0.9535006009615384
0.9525240384615384
0.955078125
0.9547025240384616
0.9527493990384616
0.9538762019230769
0.9551532451923077
0.9533503605769231
0.9543269230769231
0.9545522836538461
0.9556790865384616
0.9568810096153846
0.9568058894230769
0.9540264423076923
0.9545522836538461
0.9562049278846154
0.9567307692307693
0.9543269230769231
0.953125
0.9522986778846154
0.9497445913461539
0.951171875
0.9495943509615384
0.9513221153846154
0.9506460336538461
0.9507962740384616
0.9518479567307693
0.9518479567307693
0.9532001201923077
0.9535757211538461
0.9541015625
0.9535006009615384
0.9540264423076923
0.9538762019230769
0.9545522836538461
0.955078125
0.9547776442307693
0.9538010817307693
0.9528245192307693
0.9521484375
0.9553034855769231
0.9549278846153846
0.9535006009615384
0.9535757211538461
0.9538010817307693
0.9543269230769231
0.9523737980769231
0.9538762019230769
0.9542518028846154
0.9547025240384616
0.9556790865384616
0.9545522836538461
0.9571063701923077
0.9559044471153846
0.9571814903846154
0.9526742788461539
0.9532001201923077
0.9535006009615384
0.9516225961538461
0.9540264423076923
0.9561298076923077
0.9572566105769231
0.9561298076923077
0.9523737980769231
0.9525991586538461
0.9552283653846154
0.9542518028846154
0.953125
0.9545522836538461
0.9539513221153846
0.9520733173076923
0.9525991586538461
0.9545522836538461
0.9541015625
0.9571814903846154
0.9565054086538461
0.9559044471153846
0.9557542067307693
0.9538762019230769
0.953125
0.9534254807692307
0.9539513221153846
0.951171875
0.9495192307692307
0.9489182692307693
0.9470402644230769
0.9495192307692307
0.9494441105769231
0.9513972355769231
0.9498948317307693
0.9493689903846154
0.9508713942307693
0.9507962740384616
0.9509465144230769
0.9477163461538461
0.9487680288461539
0.9500450721153846
0.9510967548076923
0.9503455528846154
0.9526742788461539
0.9523737980769231
0.9513221153846154
0.951171875
0.9520733173076923
0.9519981971153846
0.9522235576923077
0.9516225961538461
0.9503455528846154
0.9515474759615384
0.9532752403846154
0.9512469951923077
0.9527493990384616
0.9518479567307693
0.9528996394230769
0.9524489182692307
0.9543269230769231
0.9541766826923077
0.9546274038461539
0.9528245192307693
0.9529747596153846
0.9548527644230769
0.9522235576923077
0.9537259615384616
0.9495943509615384
0.9505709134615384
0.9512469951923077
0.9506460336538461
0.9530498798076923
0.9522235576923077
0.9513972355769231
0.9533503605769231
0.9547025240384616
0.9512469951923077
0.9519230769230769
0.9513972355769231
0.9504206730769231
0.9513221153846154
0.9501953125
0.9489933894230769
0.9522986778846154
0.9519230769230769
0.9533503605769231
0.9533503605769231
0.9514723557692307
0.9510967548076923
0.9508713942307693
0.9522235576923077
0.9495943509615384
0.9519981971153846
0.9540264423076923
0.9515474759615384
0.9488431490384616
0.951171875
0.9505709134615384
0.9501201923076923
0.9508713942307693
0.9488431490384616
0.9493689903846154
0.9501201923076923
0.9510216346153846
0.9471905048076923
0.9494441105769231
0.9502704326923077
0.9509465144230769
0.951171875
0.9508713942307693
0.9512469951923077
0.9495192307692307
0.9489182692307693
0.9525240384615384
0.9495192307692307
0.9487680288461539
0.9481670673076923
0.9496694711538461
0.9475661057692307
0.9491436298076923
0.9501201923076923
0.9515474759615384
0.9497445913461539
0.9494441105769231
0.9491436298076923
0.9516977163461539
0.9475661057692307
0.9491436298076923
0.9474158653846154
0.9486177884615384
0.9487680288461539
0.9517728365384616
0.9481670673076923
0.9522235576923077
0.9491436298076923
0.9470402644230769
0.9483173076923077
0.9493689903846154
0.9499699519230769
0.9493689903846154
0.9513972355769231
0.9503455528846154
0.9488431490384616
0.9460637019230769
0.9439603365384616
0.94921875
0.9467397836538461
0.9459134615384616
0.9463641826923077
0.9495943509615384
0.9457632211538461
0.9480168269230769
0.9461388221153846
0.9453876201923077
0.9473407451923077
0.951171875
0.9513221153846154
0.9504206730769231
0.9523737980769231
0.9507962740384616
0.9521484375
0.9507211538461539
0.9495943509615384
0.9510216346153846
0.9505709134615384
0.9498197115384616
0.9522986778846154
0.9483173076923077
0.9486177884615384
0.9470402644230769
0.9435847355769231
0.9466646634615384
0.9441856971153846
0.9451622596153846
0.9483924278846154
0.9470402644230769
0.9463641826923077
0.9492938701923077
0.9471905048076923
0.9482421875
0.9468900240384616
0.9453125
0.9450871394230769
0.9447115384615384
0.9459134615384616
0.9465144230769231
0.9423828125
0.9441856971153846
0.9453876201923077
0.9458383413461539
0.9444110576923077
0.9467397836538461
0.9444110576923077
0.9458383413461539
0.9445612980769231
0.9446364182692307
0.9460637019230769
0.9474158653846154
0.94140625
0.9444861778846154
0.9465144230769231
0.9483924278846154
0.9474158653846154
0.9492938701923077
0.9447866586538461
0.9451622596153846
0.9432842548076923
0.9477163461538461
0.9468900240384616
0.9483924278846154
0.9471153846153846
0.9456129807692307
0.9465895432692307
0.9474909855769231
0.9504206730769231
0.94921875
0.9486929086538461
0.9488431490384616
0.9477914663461539
0.9484675480769231
0.9473407451923077
0.9468900240384616
0.9476412259615384
0.9483924278846154
0.9473407451923077
0.9471153846153846
0.9464393028846154
0.9454627403846154
0.9469651442307693
0.9462890625
0.9453876201923077
0.943359375
0.9450120192307693
0.9451622596153846
0.9435847355769231
0.9432091346153846
0.9416316105769231
0.9402794471153846
0.943359375
0.9425330528846154
0.9454627403846154
0.9454627403846154
0.9468900240384616
0.9474158653846154
0.9448617788461539
0.9457632211538461
0.9466646634615384
0.9491436298076923
0.9448617788461539
0.9441105769230769
0.9454627403846154
0.9470402644230769
0.9483924278846154
0.9465895432692307
0.9471905048076923
0.9449368990384616
0.9459134615384616
0.9473407451923077
0.9463641826923077
0.9495192307692307
0.9476412259615384
0.9490685096153846
0.9456881009615384
0.9474158653846154
0.9465144230769231
0.9487680288461539
0.9477914663461539
0.9439603365384616
0.9448617788461539
0.9465144230769231
0.9445612980769231
0.9454627403846154
0.9470402644230769
0.9437349759615384
0.9455378605769231
0.9474158653846154
0.9447115384615384
0.9456129807692307
0.9438852163461539
0.9441105769230769
0.9410306490384616
0.9420823317307693
0.9425330528846154
0.9411057692307693
0.9411057692307693
0.9420072115384616
0.9453876201923077
0.9449368990384616
0.9422325721153846
0.9429837740384616
0.9406550480769231
0.9417818509615384
0.9438100961538461
0.9421574519230769
0.9417067307692307
0.9420823317307693
0.9415564903846154
0.9388521634615384
0.9431340144230769
0.9396784855769231
0.9434344951923077
0.9424579326923077
0.9427584134615384
0.9403545673076923
0.9403545673076923
0.9362980769230769
0.9347956730769231
0.9390775240384616
0.9398287259615384
0.9444110576923077
0.9427584134615384
0.9412560096153846
0.9399789663461539
0.9417818509615384
0.9415564903846154
0.9392277644230769
0.9417818509615384
0.9361478365384616
0.9382512019230769
0.9413311298076923
0.9416316105769231
0.9365985576923077
0.9384014423076923
0.9407301682692307
0.9397536057692307
0.94140625
0.9416316105769231
0.9389272836538461
0.9423828125
0.9404296875
0.9408804086538461
0.9440354567307693
0.9470402644230769
0.9485426682692307
0.9456881009615384
0.9466646634615384
0.9428335336538461
0.9393780048076923
0.9400540865384616
0.9438852163461539
0.9420072115384616
0.9396784855769231
0.9380258413461539
0.9350961538461539
0.9362980769230769
0.9334435096153846
0.9338942307692307
0.9368239182692307
0.9350961538461539
0.9379507211538461
0.9389272836538461
0.9381760817307693
0.9417818509615384
0.9397536057692307
0.9375
0.9337439903846154
0.9360727163461539
0.9357722355769231
0.9380258413461539
0.9353215144230769
0.9365234375
0.9359975961538461
0.9366736778846154
0.9365985576923077
0.9350961538461539
0.9331430288461539
0.9299879807692307
0.9329176682692307
0.9353215144230769
0.9385516826923077
0.9358473557692307
0.9338191105769231
0.9392277644230769
0.9351712740384616
0.9381760817307693
0.9393780048076923
0.9368239182692307
0.9325420673076923
0.9342698317307693
0.9293870192307693
0.9335186298076923
0.9345703125
0.9359975961538461
0.9333683894230769
0.9307391826923077
0.9314903846153846
0.9317157451923077
0.9297626201923077
0.9320162259615384
0.9296875
0.9285606971153846
0.9325420673076923
0.9356219951923077
0.9333683894230769
0.9324669471153846
0.9347956730769231
0.9340444711538461
0.9326171875
0.9284104567307693
0.9338942307692307
0.9298377403846154
0.9330679086538461
0.9317157451923077
0.9314152644230769
0.9347956730769231
0.9260066105769231
0.9274338942307693
0.9305889423076923
0.927734375
0.9304387019230769
0.9311899038461539
0.9305138221153846
0.9299128605769231
0.9323167067307693
0.9281099759615384
0.9273587740384616
0.9268329326923077
0.9272085336538461
0.9261568509615384
0.9261568509615384
0.9264573317307693
0.9283353365384616
0.9275090144230769
0.9281099759615384
0.9286358173076923
0.9297626201923077
0.9293118990384616
0.9299128605769231
0.9255558894230769
0.9236027644230769
0.9275841346153846
0.9290114182692307
0.9284104567307693
0.9253305288461539
0.923828125
0.9221754807692307
0.9208984375
0.9228515625
0.9208984375
0.921875
0.9190955528846154
0.9154897836538461
0.9189453125
0.9168419471153846
0.9187950721153846
0.9187950721153846
0.9212740384615384
0.9230769230769231
0.9236778846153846
0.9239032451923077
0.9224759615384616
0.9251051682692307
0.9211989182692307
0.9164663461538461
0.9197716346153846
0.9205979567307693
0.9222506009615384
0.9233022836538461
0.9214993990384616
0.9231520432692307
0.9220252403846154
0.9253305288461539
0.9213491586538461
0.9197716346153846
0.9246544471153846
0.9248798076923077
0.9233774038461539
0.9248798076923077
0.9205979567307693
0.9220252403846154
0.9212740384615384
0.9202223557692307
0.9169921875
0.9142127403846154
0.9187199519230769
0.9212740384615384
0.9214993990384616
0.9142878605769231
0.9171424278846154
0.9175931490384616
0.9202223557692307
0.9190955528846154
0.9175180288461539
0.9244290865384616
0.9190204326923077
0.9142127403846154
0.9134615384615384
0.9169170673076923
0.9192457932692307
0.9170673076923077
0.91796875
0.9166917067307693
0.9175931490384616
0.9157151442307693
0.9219501201923077
0.9173677884615384
0.9134615384615384
0.9151893028846154
0.9143629807692307
0.9199969951923077
0.9157902644230769
0.9135366586538461
0.9182692307692307
0.9178185096153846
0.9219501201923077
0.9223257211538461
0.9215745192307693
0.9210486778846154
0.9202223557692307
0.9178185096153846
0.9190955528846154
0.9189453125
0.9134615384615384
0.9100811298076923
0.9106069711538461
0.9096304086538461
0.9112830528846154
0.9130108173076923
0.9167668269230769
0.9133864182692307
0.9142127403846154
0.9122596153846154
0.9076772836538461
0.9048227163461539
0.9058743990384616
0.9045973557692307
0.9072265625
0.9051231971153846
0.9068509615384616
0.9021183894230769
0.9054236778846154
0.9039963942307693
0.9068509615384616
0.90234375
0.9028695913461539
0.9015174278846154
0.9060997596153846
0.9009164663461539
0.8973106971153846
0.8970102163461539
0.8996394230769231
0.8962590144230769
0.8956580528846154
0.8937800480769231
0.8931039663461539
0.8854417067307693
0.8864182692307693
0.8861177884615384
0.8871694711538461
0.8842397836538461
0.8891225961538461
0.8882962740384616
0.8872445913461539
0.8825120192307693
0.8812349759615384
0.8826622596153846
0.8839393028846154
0.8820612980769231
0.8858173076923077
0.8774038461538461
0.8762770432692307
0.8751502403846154
0.8809344951923077
0.8731219951923077
0.8768028846153846
0.8762019230769231
0.8771033653846154
0.8762019230769231
0.8703425480769231
0.8713942307692307
0.8696664663461539
0.8701171875
0.8709435096153846
0.8669621394230769
0.8698918269230769
0.8677133413461539
0.8693659855769231
0.869140625
0.8642578125
0.8605018028846154
0.8604266826923077
0.8667367788461539
0.8619290865384616
0.8614783653846154
0.8596754807692307
0.8563701923076923
0.8492337740384616
0.8536658653846154
0.8511117788461539
0.8486328125
0.8536658653846154
0.8489332932692307
0.8472806490384616
0.8470552884615384
0.8463792067307693
0.8468299278846154
0.8500600961538461
0.8521634615384616
0.8472055288461539
0.8432992788461539
0.8385667067307693
0.8439002403846154
0.8450270432692307
0.8376652644230769
0.8303034855769231
0.8414212740384616
0.8280498798076923
0.8342848557692307
0.8350360576923077
0.8321814903846154
0.8265474759615384
0.8324819711538461
0.8251201923076923
0.8284254807692307
0.8295522836538461
0.8242938701923077
0.8217397836538461
0.8213641826923077
0.8266225961538461
0.8220402644230769
0.8171574519230769
0.8192608173076923
0.8109224759615384
0.818359375
0.8167818509615384
0.8119741586538461
0.8110727163461539
0.8086688701923077
0.8149789663461539
0.8083683894230769
0.8033353365384616
0.8007061298076923
0.8010066105769231
0.8075420673076923
0.7957481971153846
0.7958984375
0.7925931490384616
0.7887620192307693
0.7964242788461539
0.7948467548076923
0.8000300480769231
0.8002554086538461
0.7956730769230769
0.7962740384615384
0.7926682692307693
0.7914663461538461
0.7848557692307693
0.7836538461538461
0.7820012019230769
0.7839543269230769
0.7836538461538461
0.7762920673076923
0.7783954326923077
0.7699068509615384
0.7691556490384616
0.7718599759615384
0.7665264423076923
0.7613431490384616
0.7552584134615384
0.7538311298076923
0.7560096153846154
0.7536057692307693
0.7578876201923077
0.7536057692307693
0.7536808894230769
0.7524038461538461
0.7462439903846154
0.7503004807692307
0.7515775240384616
0.7491736778846154
0.7488731971153846
0.7473707932692307
0.7414362980769231
0.7410606971153846
0.7367037259615384
0.7398587740384616
0.7364783653846154
0.7373046875
0.7311448317307693
0.7349008413461539
0.7305438701923077
0.7289663461538461
0.7254356971153846
0.7203275240384616
0.7188251201923077
0.7132662259615384
0.7191256009615384
0.7156700721153846
0.7155198317307693
0.7126652644230769
0.7064302884615384
0.7035006009615384
0.7088341346153846
0.7119140625
0.7131159855769231
0.7068058894230769
0.708984375
0.7029747596153846
0.7041766826923077
0.7035757211538461
0.6959885817307693
0.7010967548076923
0.7016977163461539
0.6977163461538461
0.6988431490384616
0.6988431490384616
0.7030498798076923
0.6957632211538461
0.6965895432692307
0.6939603365384616
0.7008713942307693
0.6893780048076923
0.6998948317307693
0.6966646634615384
0.6990685096153846
0.7007211538461539
0.7024489182692307
0.693359375
0.7008713942307693
0.6990685096153846
0.6922325721153846
0.6971905048076923
0.6954627403846154
0.7024489182692307
0.7038762019230769
0.7008713942307693
0.7044020432692307
0.7074819711538461
0.7065054086538461
0.6955378605769231
0.6927584134615384
0.7026742788461539
0.7072566105769231
0.6960637019230769
0.6971153846153846
0.6978665865384616
0.6935096153846154
0.6963641826923077
0.6908052884615384
0.6985426682692307
0.6946364182692307
0.693359375
0.6929837740384616
0.6976412259615384
0.6988431490384616
0.6920823317307693
0.6922325721153846
0.6944110576923077
0.6910306490384616
0.6959134615384616
0.6922325721153846
0.6912560096153846
0.6899789663461539
0.6927584134615384
0.6888521634615384
0.6904296875
0.6916316105769231
0.6938100961538461
0.6974909855769231
0.6905048076923077
0.6875
0.6886268028846154
0.6907301682692307
0.6938852163461539
0.6974158653846154
0.6932842548076923
0.69140625
0.6928335336538461
0.6959134615384616
0.6977914663461539
0.7042518028846154
0.6892277644230769
0.6916316105769231
0.6901292067307693
0.6950871394230769
0.6931340144230769
0.6892277644230769
0.6859224759615384
0.6926832932692307
0.6992938701923077
0.7020733173076923
0.6996694711538461
0.6917818509615384
0.6907301682692307
0.6926081730769231
0.6936598557692307
0.6910306490384616
0.6938100961538461
0.6870492788461539
0.6925330528846154
0.6934344951923077
0.6904296875
0.6854717548076923
0.6913311298076923
0.6930588942307693
0.6973407451923077
0.6953876201923077
0.6939603365384616
0.6917067307692307
0.6925330528846154
0.6915564903846154
0.6883263221153846
0.6917818509615384
0.6928335336538461
0.6898287259615384
0.6941856971153846
0.6897536057692307
0.6896033653846154
0.6895282451923077
0.6893028846153846
0.6947866586538461
0.6861478365384616
0.6871243990384616
0.6874248798076923
0.6940354567307693
0.6830679086538461
0.6872746394230769
