0.7360276442307693
0.7062800480769231
0.6963641826923077
0.6924579326923077
0.6915564903846154
0.6890024038461539
0.6926081730769231
0.6946364182692307
0.6965895432692307
0.6923828125
0.6857722355769231
0.6958383413461539
0.6886268028846154
0.6920072115384616
0.6869741586538461
0.6904296875
0.6881009615384616
0.6925330528846154
0.6858473557692307
0.6912560096153846
0.6938852163461539
0.6884765625
0.6903545673076923
0.6952373798076923
0.6890024038461539
0.6875
0.6825420673076923
0.6858473557692307
0.6912560096153846
0.6884765625
0.6932842548076923
0.6859975961538461
0.6877253605769231
0.6913311298076923
0.6890775240384616
0.6875751201923077
0.6932842548076923
0.6910306490384616
0.7003455528846154
0.6926832932692307
0.6969651442307693
0.6963641826923077
0.6875
0.6959134615384616
0.6988431490384616
0.6985426682692307
0.6953125
0.6963641826923077
0.6908804086538461
0.693359375
0.6899038461538461
0.6949368990384616
0.6952373798076923
0.6941105769230769
0.6953125
0.6936598557692307
0.6940354567307693
0.6917067307692307
0.6987680288461539
0.7024489182692307
0.6944110576923077
0.6928335336538461
0.6943359375
0.6896784855769231
0.6928335336538461
0.6898287259615384
0.6953876201923077
0.6950871394230769
0.6966646634615384
0.6941105769230769
0.6962139423076923
0.6908052884615384
0.6904296875
0.6962890625
0.6986929086538461
0.6990685096153846
0.6983924278846154
0.6989182692307693
0.6962139423076923
0.6890775240384616
0.6941856971153846
0.6989933894230769
0.6985426682692307
0.6960637019230769
0.6960637019230769
0.6912560096153846
0.6913311298076923
0.6968900240384616
0.6952373798076923
0.69140625
0.6926832932692307
0.6975661057692307
0.7041015625
0.6993689903846154
0.6948617788461539
0.6938100961538461
0.6989182692307693
0.6984675480769231
0.7038762019230769
0.6946364182692307
0.7002704326923077
0.6975661057692307
0.6953876201923077
0.6949368990384616
0.6983173076923077
0.6976412259615384
0.6929086538461539
0.6981670673076923
0.6960637019230769
0.6999699519230769
0.6981670673076923
0.7035006009615384
0.6971153846153846
0.7038010817307693
0.697265625
0.6904296875
0.6981670673076923
0.7049278846153846
0.7007211538461539
0.6987680288461539
0.7068810096153846
0.7035757211538461
0.7022235576923077
0.6950871394230769
0.6996694711538461
0.6961388221153846
0.7005709134615384
0.6990685096153846
0.7035006009615384
0.7038010817307693
0.7071063701923077
0.7000450721153846
0.6937349759615384
0.7013221153846154
0.6974158653846154
0.6999699519230769
0.7040264423076923
0.7032752403846154
0.6982421875
0.6983173076923077
0.7010216346153846
0.7026742788461539
0.7022986778846154
0.701171875
0.6975661057692307
0.6998197115384616
0.7026742788461539
0.7057542067307693
0.7121394230769231
0.6999699519230769
0.7053786057692307
0.7047776442307693
0.6985426682692307
0.7007962740384616
0.7019981971153846
0.7016225961538461
0.7007211538461539
0.6962890625
0.7022986778846154
0.7106370192307693
0.7114633413461539
0.7114633413461539
0.7104116586538461
0.7039513221153846
0.7101862980769231
0.7010967548076923
0.7024489182692307
0.7089092548076923
0.7016225961538461
0.6986177884615384
0.7012469951923077
0.7020733173076923
0.6995192307692307
0.6958383413461539
0.7040264423076923
0.7095853365384616
0.7028996394230769
0.70703125
0.7038762019230769
0.7101111778846154
0.7110126201923077
0.7051532451923077
0.7065805288461539
0.7056790865384616
0.7081580528846154
0.7117638221153846
0.7125150240384616
0.7077824519230769
0.7053786057692307
0.7121394230769231
0.7137169471153846
0.7108623798076923
0.7092848557692307
0.6980919471153846
0.7058293269230769
0.7032001201923077
0.6984675480769231
0.7003455528846154
0.7092848557692307
0.6998948317307693
0.7028245192307693
0.7083082932692307
0.701171875
0.703125
0.7040264423076923
0.7034254807692307
0.7099609375
0.7054537259615384
0.7095102163461539
0.7078575721153846
0.7004206730769231
0.7032752403846154
0.7057542067307693
0.7125150240384616
0.7053786057692307
0.7110126201923077
0.7194260817307693
0.7065054086538461
0.7079326923076923
0.7110126201923077
0.7096604567307693
0.7051532451923077
0.7032001201923077
0.7144681490384616
0.7053786057692307
0.7069561298076923
0.7101111778846154
0.7094350961538461
0.7138671875
0.7081580528846154
0.7027493990384616
0.7120643028846154
0.7083834134615384
0.7079326923076923
0.7069561298076923
0.7074068509615384
0.70703125
0.7056790865384616
0.7101111778846154
0.7122896634615384
0.7004206730769231
0.7068058894230769
0.7068058894230769
0.7143179086538461
0.7085336538461539
0.7067307692307693
0.7097355769230769
0.7133413461538461
0.7131911057692307
0.7048527644230769
0.7116135817307693
0.7143930288461539
0.7098858173076923
0.7107872596153846
0.7146183894230769
0.7106370192307693
0.7098858173076923
0.7086838942307693
0.7164212740384616
0.7171724759615384
0.7071814903846154
0.7077073317307693
0.7085336538461539
0.7092848557692307
0.7101111778846154
0.7161207932692307
0.7135667067307693
0.7110877403846154
0.7115384615384616
0.7155198317307693
0.7083082932692307
0.7072566105769231
0.7110877403846154
0.7092097355769231
0.7093599759615384
0.7083834134615384
0.7110126201923077
0.7101862980769231
0.7155198317307693
0.7158954326923077
0.716796875
0.7114633413461539
0.7156700721153846
0.7097355769230769
0.7113131009615384
0.7155949519230769
0.7140925480769231
0.7134915865384616
0.7086838942307693
0.7086838942307693
0.7090594951923077
0.7105618990384616
0.7158203125
0.7164212740384616
0.7178485576923077
0.7193509615384616
0.7156700721153846
0.7120643028846154
0.7165715144230769
0.7182241586538461
0.7188251201923077
0.7155198317307693
0.7161207932692307
0.7155198317307693
0.7164212740384616
0.7123647836538461
0.7124399038461539
0.7132662259615384
0.7130408653846154
0.7162710336538461
0.7170973557692307
0.7130408653846154
0.7115384615384616
0.7177734375
0.7172475961538461
0.7155198317307693
0.7137920673076923
0.7096604567307693
0.7135667067307693
0.7200270432692307
0.7168719951923077
0.7185246394230769
0.7155198317307693
0.7164212740384616
0.7245342548076923
0.7202524038461539
0.7185246394230769
0.7228816105769231
0.7166466346153846
0.7192758413461539
0.7175480769230769
0.7204777644230769
0.7146935096153846
0.7176983173076923
0.7192758413461539
0.7182992788461539
0.7237830528846154
0.7161207932692307
0.7170222355769231
0.7195012019230769
0.7179236778846154
0.7175480769230769
0.7230318509615384
0.7143179086538461
0.7101862980769231
0.7171724759615384
0.7126652644230769
0.7225060096153846
0.7164212740384616
0.7232572115384616
0.7219801682692307
0.720703125
0.7205528846153846
0.71484375
0.7198016826923077
0.7242337740384616
0.7224308894230769
0.7185997596153846
0.7185246394230769
0.7214543269230769
0.7224308894230769
0.7125901442307693
0.7129657451923077
0.7204777644230769
0.7219801682692307
0.7139423076923077
0.7201772836538461
0.7179987980769231
0.7158203125
0.7219801682692307
0.7205528846153846
0.7204777644230769
0.7195763221153846
0.7220552884615384
0.7161207932692307
0.7186748798076923
0.7245342548076923
0.7234074519230769
0.7230318509615384
0.7185246394230769
0.7252854567307693
0.7240835336538461
0.7221304086538461
0.7264122596153846
0.7210036057692307
0.7272385817307693
0.7289663461538461
0.7296424278846154
0.7303185096153846
0.7368539663461539
0.7282151442307693
0.7313701923076923
0.7225060096153846
0.7264122596153846
0.7161207932692307
0.7248347355769231
0.7245342548076923
0.7249849759615384
0.7276893028846154
0.7222806490384616
0.7222055288461539
0.7198768028846154
0.7181490384615384
0.7217548076923077
0.7288912259615384
0.7308443509615384
0.7282151442307693
0.7264873798076923
0.7291165865384616
0.7217548076923077
0.7322716346153846
0.7346003605769231
0.7244591346153846
0.7277644230769231
0.7311448317307693
0.7293419471153846
0.7297926682692307
0.7379056490384616
0.7276893028846154
0.7297175480769231
0.7291165865384616
0.7285907451923077
0.7296424278846154
0.7312950721153846
0.7271634615384616
0.7322716346153846
0.7266376201923077
0.7216045673076923
0.7299429086538461
0.7238581730769231
0.7255108173076923
0.7245342548076923
0.7255108173076923
0.7237079326923077
0.7316706730769231
0.7284405048076923
0.7293419471153846
0.7273888221153846
0.7309945913461539
0.7281400240384616
0.7297926682692307
0.7315204326923077
0.7300931490384616
0.7292668269230769
0.7316706730769231
0.7302433894230769
0.7306941105769231
0.7338491586538461
0.7330979567307693
0.7318209134615384
0.7359525240384616
0.7291917067307693
0.7312950721153846
0.7322716346153846
0.7336237980769231
0.7299429086538461
0.7318209134615384
0.7337740384615384
0.7355769230769231
0.7330228365384616
0.7372295673076923
0.7278395432692307
0.7311448317307693
0.7297175480769231
0.7313701923076923
0.7279146634615384
0.7309194711538461
0.7357271634615384
0.7370793269230769
0.7370042067307693
0.7294921875
0.7270883413461539
0.7277644230769231
0.7391075721153846
0.7365534855769231
0.7356520432692307
0.7307692307692307
0.7319711538461539
0.7334735576923077
0.7367037259615384
0.740234375
0.7385066105769231
0.7416616586538461
0.7406099759615384
0.7344501201923077
0.7366286057692307
0.7349759615384616
0.7429387019230769
0.7433894230769231
0.7450420673076923
0.7412860576923077
0.7440655048076923
0.7436899038461539
0.7434645432692307
0.7456430288461539
0.7490234375
0.7430889423076923
0.7478966346153846
0.7434645432692307
0.7418870192307693
0.7415114182692307
0.7482722355769231
0.7478966346153846
0.748046875
0.7476712740384616
0.7440655048076923
0.7426382211538461
0.7365534855769231
0.7432391826923077
0.7397085336538461
0.7434645432692307
0.7406099759615384
0.7340745192307693
0.7350510817307693
0.7370042067307693
0.7364783653846154
0.7409855769230769
0.7412109375
0.7436899038461539
0.7443659855769231
0.7460186298076923
0.7448167067307693
0.7450420673076923
0.7478215144230769
0.7419621394230769
0.7388822115384616
0.7349008413461539
0.7379807692307693
0.7382061298076923
0.7413611778846154
0.7406850961538461
0.7472205528846154
0.7503004807692307
0.7475210336538461
0.7509014423076923
0.744140625
0.7432391826923077
0.7512770432692307
0.7551081730769231
0.7553335336538461
0.7506009615384616
0.7501502403846154
0.7522536057692307
0.7533052884615384
0.7500751201923077
0.7547325721153846
0.7560096153846154
0.7588641826923077
0.7578876201923077
0.75
0.7575120192307693
0.7510516826923077
0.7527043269230769
0.7483473557692307
0.7521033653846154
0.7530799278846154
0.7548828125
0.7537560096153846
0.7524789663461539
0.7528545673076923
0.7515775240384616
0.7527043269230769
0.7521784855769231
0.7524789663461539
0.7500751201923077
0.75390625
0.7590144230769231
0.7638221153846154
0.7602914663461539
0.755859375
0.7566856971153846
0.7573617788461539
0.7563100961538461
0.7590144230769231
0.7545823317307693
0.7557842548076923
0.7537560096153846
0.7501502403846154
0.7533804086538461
0.7578125
0.7545823317307693
0.7640474759615384
0.7599909855769231
0.7608924278846154
0.7602163461538461
0.7575871394230769
0.7548076923076923
0.7591646634615384
0.7566105769230769
0.7569110576923077
0.7548828125
0.7605919471153846
0.7625450721153846
0.7624699519230769
0.759765625
0.7593900240384616
0.7633713942307693
0.7622445913461539
0.7590144230769231
0.7584885817307693
0.7596905048076923
0.7570612980769231
0.7596905048076923
0.7653996394230769
0.7689302884615384
0.7638221153846154
0.7653996394230769
0.7689302884615384
0.7711087740384616
0.7732121394230769
0.7741887019230769
0.7711087740384616
0.7698317307692307
0.7678034855769231
0.7701322115384616
0.7653996394230769
0.7686298076923077
0.7735877403846154
0.7768179086538461
0.7744891826923077
0.7717848557692307
0.7756911057692307
0.7767427884615384
0.7765925480769231
0.7732121394230769
0.7748647836538461
0.7746394230769231
0.7735877403846154
0.7720102163461539
0.7762169471153846
0.7768930288461539
0.7757662259615384
0.7807241586538461
0.7854567307692307
0.7854567307692307
0.7833533653846154
0.7829777644230769
0.7859825721153846
0.7803485576923077
0.7794471153846154
0.7888371394230769
0.7909405048076923
0.7896634615384616
0.7868088942307693
0.7875600961538461
0.7888371394230769
0.7918419471153846
0.7908653846153846
0.7952974759615384
0.7909405048076923
0.7922926682692307
0.7977764423076923
0.7934194711538461
0.7951472355769231
0.7934194711538461
0.7925180288461539
0.7934194711538461
0.7978515625
0.7986778846153846
0.7998046875
0.7971754807692307
0.7972506009615384
0.7985276442307693
0.7980769230769231
0.8057391826923077
0.8039362980769231
0.8046875
0.8112229567307693
0.8060396634615384
0.8033353365384616
0.8004056490384616
0.8095703125
0.8043870192307693
0.8064903846153846
0.8072415865384616
0.8038611778846154
0.8078425480769231
0.8098707932692307
0.8129507211538461
0.8114483173076923
0.8104717548076923
0.8126502403846154
0.8179086538461539
0.8188852163461539
0.8212139423076923
0.8230168269230769
0.8260967548076923
0.8233173076923077
0.8245192307692307
0.8233924278846154
0.8193359375
0.8207632211538461
0.8238431490384616
0.8238431490384616
0.8272235576923077
0.8269981971153846
0.8265474759615384
0.8316556490384616
0.8336838942307693
0.8349609375
0.8306039663461539
0.8352614182692307
0.8345102163461539
0.8384164663461539
0.8371394230769231
0.8369891826923077
0.8428485576923077
0.8408203125
0.8388671875
0.8363131009615384
0.8397686298076923
0.8397686298076923
0.8414963942307693
0.8402944711538461
0.8422475961538461
0.8414212740384616
0.8471304086538461
0.8442007211538461
0.8501352163461539
0.8488581730769231
0.8499849759615384
0.8506610576923077
0.8487830528846154
0.8477313701923077
0.8475060096153846
0.8552433894230769
0.8541165865384616
0.8553185096153846
0.8528395432692307
0.8529897836538461
0.8557692307692307
0.8507361778846154
0.8506610576923077
0.8561448317307693
0.8642578125
0.8644080528846154
0.8658353365384616
0.8670372596153846
0.8643329326923077
0.8662860576923077
0.8671875
0.8685396634615384
0.8721454326923077
0.8715444711538461
0.8690655048076923
0.8744741586538461
0.8731971153846154
0.8757512019230769
0.8740985576923077
0.8742487980769231
0.8741736778846154
0.8757512019230769
0.8753756009615384
0.8804837740384616
0.8763521634615384
0.8756760817307693
0.8813100961538461
0.8851412259615384
0.8846905048076923
0.8843900240384616
0.8850661057692307
0.8846905048076923
0.8869441105769231
0.888671875
0.8870192307692307
0.8892728365384616
0.8943058894230769
0.8930288461538461
0.8923527644230769
0.8957331730769231
0.8910006009615384
0.8900991586538461
0.8870943509615384
0.8873197115384616
0.8924278846153846
0.8947566105769231
0.8981370192307693
0.8946814903846154
0.8926532451923077
0.8897235576923077
0.8914513221153846
0.8942307692307693
0.8944561298076923
0.8930288461538461
0.8969350961538461
0.896484375
0.8962590144230769
0.8955078125
0.8960336538461539
0.8979867788461539
0.896484375
0.8967097355769231
0.8996394230769231
0.9005408653846154
0.8986628605769231
0.8983623798076923
0.9006911057692307
0.9001652644230769
0.9015925480769231
0.8976111778846154
0.8977614182692307
0.9000901442307693
0.9002403846153846
0.8999399038461539
0.9006159855769231
0.8988131009615384
0.8997145432692307
0.9019681490384616
0.8988131009615384
0.8981370192307693
0.8990384615384616
0.8987379807692307
0.8993389423076923
0.9018930288461539
0.9036959134615384
0.9027944711538461
0.9019681490384616
0.9056490384615384
0.9076021634615384
0.9068509615384616
0.9083533653846154
0.9094050480769231
0.9137620192307693
0.9151141826923077
0.9147385817307693
0.9140625
0.9131610576923077
0.9145132211538461
0.9169170673076923
0.9178185096153846
0.9187199519230769
0.9202223557692307
0.9193960336538461
0.9175180288461539
0.9211237980769231
0.9193960336538461
0.9211237980769231
0.9223257211538461
0.9202974759615384
0.9208233173076923
0.9214242788461539
0.9206730769230769
0.9190955528846154
0.9195462740384616
0.9210486778846154
0.9219501201923077
0.9236027644230769
0.9237530048076923
0.9211237980769231
0.9221754807692307
0.9258563701923077
0.921875
0.9242788461538461
0.9233022836538461
0.9226262019230769
0.9266826923076923
0.9281850961538461
0.9269080528846154
0.9297626201923077
0.9280348557692307
0.9244290865384616
0.9273587740384616
0.9260066105769231
0.9246544471153846
0.92578125
0.9263822115384616
0.9248798076923077
0.9260066105769231
0.9258563701923077
0.9264573317307693
0.9269080528846154
0.9284855769230769
0.9276592548076923
0.9293118990384616
0.9244290865384616
0.9258563701923077
0.9284104567307693
0.9287109375
0.9275841346153846
0.9307391826923077
0.9267578125
0.9276592548076923
0.9270582932692307
0.9270582932692307
0.9278094951923077
0.9273587740384616
0.9299128605769231
0.9304387019230769
0.9309645432692307
0.9305889423076923
0.9285606971153846
0.9288611778846154
0.9296875
0.9278094951923077
0.9300631009615384
0.9329927884615384
0.9327674278846154
0.9326171875
0.9326923076923077
0.9314152644230769
0.9287109375
0.9304387019230769
0.9323918269230769
0.9325420673076923
0.9329927884615384
0.9294621394230769
0.9311899038461539
0.9300631009615384
0.9323167067307693
0.931640625
0.9317157451923077
0.9338191105769231
0.9334435096153846
0.9329176682692307
0.9327674278846154
0.9333683894230769
0.9337439903846154
0.9330679086538461
0.9341195913461539
0.9350961538461539
0.935546875
0.9326171875
0.9329176682692307
0.9305138221153846
0.9307391826923077
0.9295372596153846
0.9314152644230769
0.9322415865384616
0.9330679086538461
0.9332181490384616
0.9318659855769231
0.9342698317307693
0.9313401442307693
0.9337439903846154
0.9364483173076923
0.9345703125
0.9344951923076923
0.9377253605769231
0.9377253605769231
0.9367487980769231
0.9384765625
0.9399038461538461
0.9385516826923077
0.9399789663461539
0.9404296875
0.9378756009615384
0.9384014423076923
0.9400540865384616
0.9391526442307693
0.9374248798076923
0.9389272836538461
0.939453125
0.9418569711538461
0.9413311298076923
0.9422325721153846
0.9417067307692307
0.9415564903846154
0.9438852163461539
0.9443359375
0.9435847355769231
0.943359375
0.9441856971153846
0.9448617788461539
0.9432091346153846
0.9435096153846154
0.9444110576923077
0.9438852163461539
0.9429086538461539
0.9428335336538461
0.9423076923076923
0.9427584134615384
0.9436598557692307
0.9436598557692307
0.9428335336538461
0.943359375
0.9441105769230769
0.9435847355769231
0.9466646634615384
0.9441856971153846
0.9440354567307693
0.9453876201923077
0.9454627403846154
0.9448617788461539
0.9442608173076923
0.9463641826923077
0.9441856971153846
0.9444110576923077
0.9473407451923077
0.947265625
0.9471153846153846
0.9468900240384616
0.9475661057692307
0.9496694711538461
0.9495192307692307
0.9495192307692307
0.9487680288461539
0.9476412259615384
0.9486177884615384
0.9499699519230769
0.9494441105769231
0.9499699519230769
