0.8244441105769231
0.8230168269230769
0.8206881009615384
0.8202373798076923
0.8193359375
0.8172325721153846
0.8163311298076923
0.8157301682692307
0.8133263221153846
0.8129507211538461
0.8133263221153846
0.8097205528846154
0.8098707932692307
0.8090444711538461
0.8082181490384616
0.8081430288461539
0.8075420673076923
0.8090444711538461
0.8099459134615384
0.8101712740384616
0.8091195913461539
0.8079927884615384
0.8067157451923077
0.806640625
0.8068659855769231
0.8067157451923077
0.8067157451923077
0.8043118990384616
0.8043118990384616
0.8046123798076923
0.8047626201923077
0.8040114182692307
0.8033353365384616
0.8035606971153846
0.8033353365384616
0.8021334134615384
0.8011568509615384
0.7998798076923077
0.7991286057692307
0.798828125
0.7986027644230769
0.7984525240384616
0.7977764423076923
0.7972506009615384
0.7980018028846154
0.7974759615384616
0.7986778846153846
0.7983774038461539
0.7971003605769231
0.7961237980769231
0.7937950721153846
0.7941706730769231
0.7934194711538461
0.7928936298076923
0.7934945913461539
0.7925180288461539
0.7930438701923077
0.7921424278846154
0.7931189903846154
0.7940955528846154
0.7931189903846154
0.7931941105769231
0.7921424278846154
0.7921424278846154
0.7941706730769231
0.7933443509615384
0.7925931490384616
0.7912409855769231
0.7898888221153846
0.7900390625
0.7889122596153846
0.7898888221153846
0.7912409855769231
0.7921424278846154
0.7902644230769231
0.7920673076923077
0.7919921875
0.7916165865384616
0.7915414663461539
0.7913161057692307
0.7918419471153846
0.7921424278846154
0.79296875
0.79296875
0.7927433894230769
0.7900390625
0.7897385817307693
0.7904897836538461
0.7896634615384616
0.7895883413461539
0.7891376201923077
0.7880108173076923
0.7867337740384616
0.7865084134615384
0.7868840144230769
0.7880859375
0.7892127403846154
0.7907151442307693
0.7916917067307693
0.7903395432692307
0.7904897836538461
