0.8317307692307693
0.8298527644230769
0.8315054086538461
0.8312800480769231
0.8290264423076923
0.8296274038461539
0.8276742788461539
0.8263221153846154
0.8253455528846154
0.8233173076923077
0.8236929086538461
0.8249699519230769
0.8256460336538461
0.8238431490384616
0.8227163461538461
0.8228665865384616
0.8217397836538461
0.8211388221153846
0.8218900240384616
0.8197866586538461
0.8188100961538461
0.8182842548076923
0.8168569711538461
0.8164813701923077
0.8153545673076923
0.8170823317307693
0.8184344951923077
0.8172325721153846
0.8158804086538461
0.8170072115384616
0.8182091346153846
0.8193359375
0.8162560096153846
0.8158052884615384
0.8160306490384616
0.8156550480769231
0.8163311298076923
0.8157301682692307
0.8136268028846154
0.8137019230769231
0.8149789663461539
0.8141526442307693
0.8140024038461539
0.8130258413461539
0.8137019230769231
0.8133263221153846
0.8132512019230769
0.8143028846153846
0.8138521634615384
0.8134765625
0.8128756009615384
0.8134765625
0.8145282451923077
0.8142277644230769
0.8134014423076923
0.8134014423076923
0.8123497596153846
0.8118990384615384
0.8107722355769231
0.8091195913461539
0.8108473557692307
0.8107722355769231
0.8100210336538461
0.8092698317307693
0.8099459134615384
0.8077674278846154
0.8071664663461539
0.8079176682692307
0.8080679086538461
0.8073918269230769
0.8072415865384616
0.8074669471153846
0.8084435096153846
0.8100961538461539
0.8094951923076923
0.8071664663461539
0.8082181490384616
0.8076923076923077
0.8076171875
0.8070913461538461
0.8070913461538461
0.8064152644230769
0.806640625
0.8061147836538461
0.8079927884615384
0.8072415865384616
0.8072415865384616
0.8084435096153846
0.8093449519230769
0.8096454326923077
0.8093449519230769
0.8094200721153846
0.8092698317307693
0.8103215144230769
0.8102463942307693
0.8079927884615384
0.8079176682692307
0.8076171875
0.8057391826923077
0.8058894230769231
0.8073918269230769
