0.95654296875
0.9557291666666666
0.955810546875
0.9552408854166666
0.955078125
0.9566243489583334
0.9556477864583334
0.9576009114583334
0.9584147135416666
0.95849609375
0.9595540364583334
0.9564615885416666
0.9566243489583334
0.9571126302083334
0.9564615885416666
0.9568684895833334
0.9573567708333334
0.955322265625
0.9564615885416666
0.9560546875
0.9549967447916666
0.9563802083333334
0.9579264322916666
0.9562174479166666
0.95556640625
0.9564615885416666
0.956787109375
0.9571126302083334
0.955322265625
0.9558919270833334
0.9561360677083334
0.956787109375
0.9568684895833334
0.957275390625
0.9581705729166666
0.956298828125
0.9584147135416666
0.9569498697916666
0.9576009114583334
0.9558919270833334
0.9571940104166666
0.9566243489583334
0.9580078125
0.9571126302083334
0.9585774739583334
0.9588216145833334
0.958984375
0.957763671875
0.9579264322916666
0.9579264322916666
0.9563802083333334
0.95654296875
0.958740234375
0.957275390625
0.9569498697916666
0.95751953125
0.9554850260416666
0.9566243489583334
0.9580078125
0.9590657552083334
0.956787109375
0.9556477864583334
0.9563802083333334
0.9554850260416666
0.9567057291666666
0.9557291666666666
0.9554850260416666
0.95654296875
0.9557291666666666
0.95556640625
0.956298828125
0.9578450520833334
0.957275390625
0.955810546875
0.9569498697916666
0.9546712239583334
0.957275390625
0.955810546875
0.95458984375
0.9541015625
0.9563802083333334
0.9566243489583334
0.9576009114583334
0.9580891927083334
0.958251953125
0.9561360677083334
0.955078125
0.9541829427083334
0.9547526041666666
0.953369140625
0.9559733072916666
0.9556477864583334
0.9545084635416666
0.953857421875
0.9513346354166666
0.952392578125
0.953857421875
0.9551595052083334
0.9558919270833334
0.9571940104166666
0.9576822916666666
0.9585774739583334
0.9574381510416666
0.95556640625
0.956787109375
0.9566243489583334
0.9568684895833334
0.9532063802083334
0.952880859375
0.9556477864583334
0.9568684895833334
0.9564615885416666
0.95703125
0.9580891927083334
0.9579264322916666
0.9591471354166666
0.9581705729166666
0.9617513020833334
0.9597981770833334
0.9593912760416666
0.9597981770833334
0.9590657552083334
0.956298828125
0.957275390625
0.95654296875
0.9567057291666666
0.9562174479166666
0.956298828125
0.9554850260416666
0.95556640625
0.95556640625
0.9560546875
0.9546712239583334
0.95654296875
0.9561360677083334
0.95654296875
0.9560546875
0.9547526041666666
0.9539388020833334
0.9546712239583334
0.9560546875
0.9566243489583334
0.95703125
0.9554850260416666
0.956787109375
0.9588216145833334
0.9583333333333334
0.9571940104166666
0.9583333333333334
0.954833984375
0.9537760416666666
0.9535319010416666
0.9541015625
0.95361328125
0.9544270833333334
0.953369140625
0.9573567708333334
0.95703125
0.95751953125
0.956787109375
0.9581705729166666
0.958984375
0.9576822916666666
0.9562174479166666
0.9547526041666666
0.9568684895833334
0.9566243489583334
0.9562174479166666
0.955810546875
0.9571940104166666
0.960205078125
0.9559733072916666
0.9549967447916666
0.9561360677083334
0.9547526041666666
0.9564615885416666
0.9558919270833334
0.9561360677083334
0.9571940104166666
0.954833984375
0.9564615885416666
0.954833984375
0.9547526041666666
0.9546712239583334
0.9560546875
0.9567057291666666
0.957763671875
0.9580078125
0.9562174479166666
0.9557291666666666
0.9558919270833334
0.95556640625
0.9552408854166666
0.9547526041666666
0.953369140625
0.9527994791666666
0.9541829427083334
0.9561360677083334
0.9578450520833334
0.9569498697916666
0.9567057291666666
0.9535319010416666
0.9529622395833334
0.9510091145833334
0.9552408854166666
0.9539388020833334
0.9541015625
0.955322265625
0.9552408854166666
0.9529622395833334
0.9564615885416666
0.9541015625
0.95361328125
0.953125
0.9540201822916666
0.9542643229166666
0.9544270833333334
0.9542643229166666
0.9532063802083334
0.9542643229166666
0.953369140625
0.9520670572916666
0.953125
0.95361328125
0.953125
0.9513346354166666
0.9523111979166666
0.9532063802083334
0.9507649739583334
0.9520670572916666
0.950439453125
0.950927734375
0.9532063802083334
0.9541829427083334
0.95361328125
0.9534505208333334
0.953857421875
0.95361328125
0.955322265625
0.9532063802083334
0.9521484375
0.95166015625
0.9512532552083334
0.9510091145833334
0.9510091145833334
0.9505208333333334
0.9532063802083334
0.953369140625
0.9521484375
0.9530436197916666
0.957275390625
0.9568684895833334
0.953125
0.9532063802083334
0.953369140625
0.9530436197916666
0.9537760416666666
0.9529622395833334
0.9542643229166666
0.9547526041666666
0.9559733072916666
0.9519856770833334
0.9541829427083334
0.9559733072916666
0.9606119791666666
0.957275390625
0.9574381510416666
0.9563802083333334
0.955322265625
0.9542643229166666
0.9514973958333334
0.95263671875
0.952392578125
0.9515787760416666
0.9496256510416666
0.9535319010416666
0.9506022135416666
0.9510904947916666
0.9534505208333334
0.9545084635416666
0.9563802083333334
0.9560546875
0.9524739583333334
0.9524739583333334
0.9534505208333334
0.9510904947916666
0.951904296875
0.952880859375
0.95166015625
0.95263671875
0.9505208333333334
0.9510904947916666
0.9534505208333334
0.9529622395833334
0.9522298177083334
0.9536946614583334
0.95361328125
0.9539388020833334
0.9545084635416666
0.955078125
0.953857421875
0.9506022135416666
0.9493815104166666
0.949951171875
0.9488118489583334
0.9478352864583334
0.9505208333333334
0.9512532552083334
0.9496256510416666
0.948486328125
0.952880859375
0.948974609375
0.9546712239583334
0.9541015625
0.9537760416666666
0.9532877604166666
0.9482421875
0.94775390625
0.9486490885416666
0.947021484375
0.9486490885416666
0.9512532552083334
0.9508463541666666
0.9532063802083334
0.9501139322916666
0.953125
0.953369140625
0.9507649739583334
0.9490559895833334
0.9524739583333334
0.9527180989583334
0.9520670572916666
0.9524739583333334
0.9532063802083334
0.9503580729166666
0.9527180989583334
0.9501139322916666
0.9522298177083334
0.953125
0.9527994791666666
0.9544270833333334
0.9546712239583334
0.9521484375
0.9517415364583334
0.9495442708333334
0.949951171875
0.9510091145833334
0.9519856770833334
0.9497884114583334
0.9488932291666666
0.9510091145833334
0.9505208333333334
0.9535319010416666
0.9518229166666666
0.9498697916666666
0.9506022135416666
0.9525553385416666
0.9532877604166666
0.9532063802083334
0.9532877604166666
0.9539388020833334
0.9523111979166666
0.9476725260416666
0.9497884114583334
0.9518229166666666
0.9514973958333334
0.952392578125
0.9508463541666666
0.949951171875
0.9500325520833334
0.9463704427083334
0.9430338541666666
0.9457194010416666
0.9462890625
0.9483235677083334
0.9490559895833334
0.9459635416666666
0.9485677083333334
0.948974609375
0.9547526041666666
0.9527994791666666
0.9534505208333334
0.9491373697916666
0.945068359375
0.9446614583333334
0.9495442708333334
0.9473470052083334
0.949951171875
0.9484049479166666
0.9453125
0.9480794270833334
0.9497884114583334
0.9515787760416666
0.9475911458333334
0.948486328125
0.948486328125
0.948486328125
0.94921875
0.9488932291666666
0.950439453125
0.9457194010416666
0.9483235677083334
0.9486490885416666
0.9462890625
0.9468587239583334
0.944580078125
0.9444986979166666
0.9473470052083334
0.9466959635416666
0.9449055989583334
0.946533203125
0.9439290364583334
0.9441731770833334
0.9449055989583334
0.94873046875
0.948974609375
0.948486328125
0.9493001302083334
0.9478352864583334
0.9495442708333334
0.9476725260416666
0.9453938802083334
0.9468587239583334
0.9486490885416666
0.9501953125
0.9507649739583334
0.949462890625
0.9493001302083334
0.94482421875
0.9488932291666666
0.9473470052083334
0.9462076822916666
0.94873046875
0.9464518229166666
0.9474283854166666
0.9444173177083334
0.9435221354166666
0.9480794270833334
0.9484049479166666
0.9473470052083334
0.9488932291666666
0.94921875
0.9508463541666666
0.949951171875
0.947265625
0.9459635416666666
0.946044921875
0.9449869791666666
0.9434407552083334
0.946044921875
0.945068359375
0.9456380208333334
0.9459635416666666
0.9453938802083334
0.9471842447916666
0.9473470052083334
0.9485677083333334
0.9473470052083334
0.9476725260416666
0.946533203125
0.9413248697916666
0.9430338541666666
0.9491373697916666
0.9485677083333334
0.9480794270833334
0.94970703125
0.9475911458333334
0.9485677083333334
0.9485677083333334
0.9478352864583334
0.9503580729166666
0.949951171875
0.946533203125
0.9461263020833334
0.9441731770833334
0.9458821614583334
0.9435221354166666
0.9451497395833334
0.9429524739583334
0.9471842447916666
0.948486328125
0.9480794270833334
0.9432779947916666
0.9452311197916666
0.9427083333333334
0.9436848958333334
0.9429524739583334
0.9430338541666666
0.9405110677083334
0.94189453125
0.9437662760416666
0.943115234375
0.94482421875
0.946533203125
0.942626953125
0.94482421875
0.9463704427083334
0.9481608072916666
0.945068359375
0.9427897135416666
0.942138671875
0.9441731770833334
0.9385579427083334
0.9409993489583334
0.9415690104166666
0.9368489583333334
0.9414876302083334
0.9383951822916666
0.9397786458333334
0.9378255208333334
0.939453125
0.9361165364583334
0.9369303385416666
0.9375813802083334
0.9353841145833334
0.940673828125
0.9388834635416666
0.9393717447916666
0.9379069010416666
0.9418131510416666
0.9369303385416666
0.9344889322916666
0.9348958333333334
0.9342447916666666
0.932861328125
0.9352213541666666
0.9379069010416666
0.9349772135416666
0.934814453125
0.9317220052083334
0.935302734375
0.93359375
0.9398600260416666
0.9376627604166666
0.9384765625
0.9388834635416666
0.936767578125
0.9383138020833334
0.9375
0.9336751302083334
0.9353841145833334
0.9348958333333334
0.933837890625
0.9334309895833334
0.9322102864583334
0.9300944010416666
0.930419921875
0.9375813802083334
0.9381510416666666
0.9325358072916666
0.9330240885416666
0.9341634114583334
0.9345703125
0.9366048177083334
0.93408203125
0.9366048177083334
0.9329427083333334
0.9335123697916666
0.9357096354166666
0.9337565104166666
0.93310546875
0.9317220052083334
0.9339192708333334
0.9332682291666666
0.930908203125
0.934814453125
0.9344889322916666
0.9346516927083334
0.9319661458333334
0.9313151041666666
0.9349772135416666
0.9337565104166666
0.9292805989583334
0.93359375
0.9344075520833334
0.9378255208333334
0.9336751302083334
0.933349609375
0.937255859375
0.937744140625
0.932373046875
0.9296061197916666
0.928955078125
0.9310709635416666
0.9334309895833334
0.9349772135416666
0.932373046875
0.932373046875
0.9298502604166666
0.9335123697916666
0.9348958333333334
0.933349609375
0.935302734375
0.9356282552083334
0.93505859375
0.9357096354166666
0.9339192708333334
0.9331868489583334
0.9332682291666666
0.9287109375
0.931396484375
0.93408203125
0.9324544270833334
0.9312337239583334
0.9319661458333334
0.9315592447916666
0.931640625
0.9324544270833334
0.9319661458333334
0.9331868489583334
0.9280598958333334
0.933837890625
0.9303385416666666
0.932373046875
0.928955078125
0.9274088541666666
0.9334309895833334
0.9312337239583334
0.9302571614583334
0.927001953125
0.9324544270833334
0.9341634114583334
0.9388020833333334
0.9391276041666666
0.9332682291666666
0.9327799479166666
0.93505859375
0.9300130208333334
0.9278157552083334
0.9296061197916666
0.9269205729166666
0.9273274739583334
0.9305013020833334
0.9242350260416666
0.92724609375
0.9300130208333334
0.9337565104166666
0.9256998697916666
0.9261881510416666
0.9265950520833334
0.927978515625
0.930419921875
0.9285481770833334
0.9217122395833334
0.9228515625
0.9266764322916666
0.9252115885416666
0.9209798177083334
0.9220377604166666
0.920166015625
0.9249674479166666
0.924072265625
0.9314778645833334
0.9303385416666666
0.9237467447916666
0.9222005208333334
0.921630859375
0.9230143229166666
0.9244791666666666
0.9228515625
0.9241536458333334
0.9293619791666666
0.926025390625
0.9251302083333334
0.9217122395833334
0.9243977864583334
0.9246419270833334
0.9226888020833334
0.9207356770833334
0.919921875
0.9192708333333334
0.92333984375
0.9217936197916666
0.9163411458333334
0.9146321614583334
0.9143880208333334
0.9229329427083334
0.9226888020833334
0.91748046875
0.9189453125
0.9173177083333334
0.9178873697916666
0.91650390625
0.9217936197916666
0.9207356770833334
0.9200846354166666
0.91845703125
0.9197591145833334
0.9242350260416666
0.9207356770833334
0.92236328125
0.92041015625
0.9175618489583334
0.9182942708333334
0.914794921875
0.9156901041666666
0.9186197916666666
0.9213053385416666
0.9182942708333334
0.921875
0.9253743489583334
0.9222819010416666
0.917236328125
0.918701171875
0.9147135416666666
0.915771484375
0.918701171875
0.9251302083333334
0.9165852864583334
0.91748046875
0.916748046875
0.9129231770833334
0.9156901041666666
0.9175618489583334
0.9137369791666666
0.91650390625
0.9119466145833334
0.9124348958333334
0.9131673177083334
0.912841796875
0.9102376302083334
0.91455078125
0.9134928385416666
0.9151204427083334
0.9146321614583334
0.9132486979166666
0.9152018229166666
0.9122721354166666
0.9183756510416666
0.9149576822916666
0.9130045572916666
0.9151204427083334
0.910888671875
0.9071451822916666
0.9066569010416666
0.9056803385416666
0.9053548177083334
0.908935546875
0.9098307291666666
0.9080403645833334
0.9044596354166666
0.9060872395833334
0.9061686197916666
0.9100748697916666
0.9007975260416666
0.9051920572916666
0.9103190104166666
0.9039713541666666
0.9051920572916666
0.9064127604166666
0.8994954427083334
0.8994954427083334
0.8984375
0.9031575520833334
0.8978678385416666
0.900146484375
0.8910319010416666
0.895263671875
0.9000651041666666
0.8977864583333334
0.8985188802083334
0.8926595052083334
0.8976236979166666
0.8968912760416666
0.894775390625
0.8951822916666666
0.8929850260416666
0.8919270833333334
0.8905436197916666
0.8936360677083334
0.8868815104166666
0.8877766927083334
0.8868001302083334
0.8876139322916666
0.8887532552083334
0.8907877604166666
0.89404296875
0.896240234375
0.892822265625
0.8896484375
0.8860677083333334
0.8895670572916666
0.8943684895833334
0.8939615885416666
0.8924967447916666
0.8907877604166666
0.8915201822916666
0.8919270833333334
0.88671875
0.8833821614583334
0.8868815104166666
0.8837890625
0.8870442708333334
0.8872884114583334
0.88720703125
0.8819986979166666
0.8821614583333334
0.88134765625
0.8809407552083334
0.88232421875
0.8798828125
0.8805338541666666
0.8793131510416666
0.8763020833333334
0.8759765625
0.8721516927083334
0.8721516927083334
0.8721516927083334
0.87109375
0.876220703125
0.874755859375
0.872802734375
0.8723958333333334
0.8748372395833334
0.87548828125
0.8738606770833334
0.873779296875
0.8783365885416666
0.873779296875
0.869140625
0.8700358072916666
0.8700358072916666
0.865478515625
0.8610026041666666
0.86328125
0.8602701822916666
0.8567708333333334
0.85791015625
0.8585611979166666
0.8570963541666666
0.851806640625
0.849365234375
0.8518880208333334
0.847412109375
0.8450520833333334
0.8419596354166666
0.8416341145833334
0.8387858072916666
0.8372395833333334
0.8349609375
0.8352864583333334
0.836181640625
0.8400065104166666
0.8382975260416666
0.8336588541666666
0.8402506510416666
0.8418782552083334
0.837890625
0.83349609375
0.835693359375
0.83203125
0.8306477864583334
0.8269856770833334
0.8214518229166666
0.829833984375
0.8260091145833334
0.821044921875
0.8304850260416666
0.8233235677083334
0.8133138020833334
0.8095703125
0.8065592447916666
0.810302734375
0.8111979166666666
0.8062337239583334
0.80908203125
0.80517578125
0.8074544270833334
0.7945149739583334
0.793212890625
0.7972819010416666
0.7955729166666666
0.7902018229166666
0.7931315104166666
0.7870279947916666
0.787109375
0.7932942708333334
0.80029296875
0.7923177083333334
0.7937825520833334
0.7890625
0.7889811197916666
0.7871907552083334
0.7827962239583334
0.7771809895833334
0.7755533854166666
0.776123046875
0.7772623697916666
0.775390625
0.7701009114583334
0.7701009114583334
0.7694498697916666
0.7609049479166666
0.7630208333333334
0.7583821614583334
0.7562662760416666
0.7503255208333334
0.749267578125
0.752197265625
0.7488606770833334
0.7421875
0.7443033854166666
0.74755859375
0.7360026041666666
0.73974609375
0.7325032552083334
0.7259928385416666
0.717041015625
0.713134765625
0.7119954427083334
0.7120768229166666
0.7099609375
0.7027994791666666
0.6988932291666666
0.7041829427083334
0.7012532552083334
0.697509765625
0.7013346354166666
0.7008463541666666
0.7029622395833334
0.6974283854166666
0.7029622395833334
0.6988118489583334
0.7006022135416666
0.7000325520833334
0.69775390625
0.6966145833333334
0.6983235677083334
0.7039388020833334
0.6990559895833334
0.6935221354166666
0.6993001302083334
0.6966145833333334
0.7007649739583334
0.703857421875
0.7000325520833334
0.7015787760416666
0.6959635416666666
0.6922200520833334
0.6995442708333334
0.7023111979166666
0.6969401041666666
0.6958821614583334
0.6954752604166666
0.6903483072916666
0.7039388020833334
0.6923014322916666
0.698486328125
0.6918131510416666
0.6947428385416666
0.6973470052083334
0.6888834635416666
0.6985677083333334
0.6976725260416666
0.7027180989583334
0.6943359375
0.7032063802083334
0.6998697916666666
0.689453125
0.696533203125
0.691162109375
0.6951497395833334
0.6936848958333334
0.695556640625
0.693115234375
0.6954752604166666
0.693115234375
0.6981608072916666
0.6973470052083334
0.6958821614583334
0.69091796875
0.6869303385416666
0.7002766927083334
0.695556640625
0.69921875
0.6971842447916666
0.6968587239583334
0.6949055989583334
0.6905924479166666
0.694580078125
0.6941731770833334
0.694580078125
0.697998046875
0.703857421875
0.7018229166666666
0.6991373697916666
0.6949055989583334
0.6909993489583334
0.6966145833333334
0.6929524739583334
0.6971842447916666
0.6966959635416666
0.7010091145833334
0.6939290364583334
0.6990559895833334
0.69091796875
0.6883951822916666
0.6956380208333334
0.6918131510416666
0.7035319010416666
0.6951497395833334
