0.72607421875
0.70068359375
0.6925455729166666
0.6962890625
0.693359375
0.6988932291666666
0.6907552083333334
0.6875813802083334
0.6851399739583334
0.68701171875
0.6956380208333334
0.6924641927083334
0.6966145833333334
0.6993001302083334
0.6893717447916666
0.6912434895833334
0.693359375
0.7002766927083334
0.69970703125
0.6952311197916666
0.7005208333333334
0.703125
0.6984049479166666
0.697265625
0.6934407552083334
0.689453125
0.6888020833333334
0.69189453125
0.6910807291666666
0.6934407552083334
0.692138671875
0.6946614583333334
0.6953938802083334
0.6923014322916666
0.6903483072916666
0.6993815104166666
0.6941731770833334
0.6884765625
0.6936848958333334
0.69970703125
0.7006022135416666
0.7000325520833334
0.7027180989583334
0.6998697916666666
0.6961263020833334
0.69677734375
0.697021484375
0.697021484375
0.6983235677083334
0.7006022135416666
0.70361328125
0.6962076822916666
0.7027994791666666
0.6969401041666666
0.695068359375
0.6966959635416666
0.697509765625
0.6937662760416666
0.70166015625
0.7025553385416666
0.7019856770833334
0.69482421875
0.7032063802083334
0.69873046875
0.692626953125
0.695068359375
0.7039388020833334
0.6971028645833334
0.69873046875
0.699951171875
0.6949869791666666
0.694091796875
0.6931966145833334
0.692626953125
0.6954752604166666
0.6944173177083334
0.6958821614583334
0.6954752604166666
0.7015787760416666
0.6980794270833334
0.696533203125
0.6962076822916666
0.7067057291666666
0.7054036458333334
0.6991373697916666
0.697509765625
0.6998697916666666
0.702880859375
0.6982421875
0.7030436197916666
0.697265625
0.6954752604166666
0.6949055989583334
0.6975911458333334
0.700439453125
0.6978352864583334
0.7059733072916666
0.7003580729166666
0.6983235677083334
0.69873046875
0.70166015625
0.7013346354166666
0.7090657552083334
0.6974283854166666
0.6978352864583334
0.6978352864583334
0.6983235677083334
0.7001139322916666
0.6986490885416666
0.7027994791666666
0.70849609375
0.6961263020833334
0.7027994791666666
0.6988932291666666
0.6962890625
0.6974283854166666
0.70458984375
0.703125
0.7040201822916666
0.69921875
0.694091796875
0.696044921875
0.6907552083333334
0.697998046875
0.6996256510416666
0.702392578125
0.702880859375
0.7037760416666666
0.7061360677083334
0.7061360677083334
0.7083333333333334
0.7019856770833334
0.7093912760416666
0.706787109375
0.709716796875
0.701416015625
0.7012532552083334
0.7059733072916666
0.7005208333333334
0.7076822916666666
0.70361328125
0.7064615885416666
0.7037760416666666
0.705322265625
0.70703125
0.7021484375
0.7061360677083334
0.703857421875
0.7012532552083334
0.7014973958333334
0.702392578125
0.7117513020833334
0.7030436197916666
0.7062174479166666
0.711181640625
0.7071126302083334
0.7086588541666666
0.7021484375
0.7015787760416666
0.7046712239583334
0.7005208333333334
0.701904296875
0.7012532552083334
0.70849609375
0.7085774739583334
0.703369140625
0.7008463541666666
0.6993815104166666
0.703857421875
0.708740234375
0.705322265625
0.7076009114583334
0.7017415364583334
0.704833984375
0.7068684895833334
0.702392578125
0.7068684895833334
0.7097981770833334
0.70849609375
0.70556640625
0.702392578125
0.70751953125
0.7085774739583334
0.7025553385416666
0.7105305989583334
0.7138671875
0.709716796875
0.7107747395833334
0.7124837239583334
0.7080078125
0.70849609375
0.7120768229166666
0.717041015625
0.714111328125
0.7080078125
0.7063802083333334
0.703125
0.7063802083333334
0.7097981770833334
0.7042643229166666
0.7039388020833334
0.704345703125
0.7108561197916666
0.716552734375
0.706787109375
0.7139485677083334
0.7112630208333334
0.709228515625
0.7074381510416666
0.7113444010416666
0.7081705729166666
0.7064615885416666
0.709228515625
0.7115885416666666
0.7127278645833334
0.712646484375
0.7042643229166666
0.7145182291666666
0.7108561197916666
0.7120768229166666
0.7118326822916666
0.7041015625
0.7097981770833334
0.708740234375
0.7073567708333334
0.7080078125
0.7097981770833334
0.7083333333333334
0.71044921875
0.7083333333333334
0.7091471354166666
0.710693359375
0.7097981770833334
0.7096354166666666
0.7091471354166666
0.7099609375
0.7107747395833334
0.715576171875
0.7189127604166666
0.7109375
0.7057291666666666
0.710693359375
0.7145182291666666
0.71484375
0.7177734375
0.7152506510416666
0.7154947916666666
0.7158203125
0.7146809895833334
0.7090657552083334
0.7142740885416666
0.7147623697916666
0.71533203125
0.7156575520833334
0.720458984375
0.7049153645833334
0.7113444010416666
0.7210286458333334
0.7212727864583334
0.70947265625
0.7210286458333334
0.7278645833333334
0.7210286458333334
0.71630859375
0.715087890625
0.7211100260416666
0.7259114583333334
0.7213541666666666
0.7211100260416666
0.720947265625
0.7225748697916666
0.7173665364583334
0.7158203125
0.707275390625
0.7102864583333334
0.7193196614583334
0.722412109375
0.719970703125
0.717041015625
0.7200520833333334
0.7194010416666666
0.7159016927083334
0.720703125
0.7179361979166666
0.7237141927083334
0.7110188802083334
0.7171223958333334
0.7186686197916666
0.7211100260416666
0.7230631510416666
0.716552734375
0.716552734375
0.7227376302083334
0.7181803385416666
0.71923828125
0.720947265625
0.71728515625
0.719482421875
0.7259928385416666
0.720703125
0.7189127604166666
0.71533203125
0.725341796875
0.7215169270833334
0.7281087239583334
0.7186686197916666
0.718994140625
0.7208658854166666
0.7229817708333334
0.7163899739583334
0.7176106770833334
0.718994140625
0.7163899739583334
0.7257486979166666
0.7233072916666666
0.7237141927083334
0.711669921875
0.7151692708333334
0.71826171875
0.724853515625
0.7281901041666666
0.72509765625
0.72607421875
0.721923828125
0.72265625
0.7220865885416666
0.7208658854166666
0.71728515625
0.7185872395833334
0.7154134114583334
0.7211100260416666
0.7198893229166666
0.7163899739583334
0.7218424479166666
0.7213541666666666
0.7227376302083334
0.72607421875
0.7298990885416666
0.7207845052083334
0.72021484375
0.720458984375
0.7235514322916666
0.72265625
0.7255045572916666
0.7210286458333334
0.7217610677083334
0.7296549479166666
0.7228190104166666
0.7233072916666666
0.728271484375
0.724365234375
0.7291666666666666
0.7308756510416666
0.72265625
0.7202962239583334
0.7240397135416666
0.7293294270833334
0.7291666666666666
0.7205403645833334
0.7263997395833334
0.724365234375
0.7216796875
0.72802734375
0.7307942708333334
0.73291015625
0.73388671875
0.7335611979166666
0.7325032552083334
0.732666015625
0.731689453125
0.736572265625
0.732177734375
0.7350260416666666
0.7305501302083334
0.72998046875
0.7298177083333334
0.7277018229166666
0.7295735677083334
0.7274576822916666
0.730712890625
0.733642578125
0.7350260416666666
0.736572265625
0.7335611979166666
0.7342936197916666
0.7333170572916666
0.7296549479166666
0.7316080729166666
0.7315266927083334
0.7271321614583334
0.7281901041666666
0.7337239583333334
0.7315266927083334
0.7300618489583334
0.7367350260416666
0.7339680989583334
0.73876953125
0.7327473958333334
0.7381184895833334
0.7327473958333334
0.73291015625
0.7294921875
0.7293294270833334
0.732421875
0.732666015625
0.7334798177083334
0.7261555989583334
0.7257486979166666
0.7235514322916666
0.7325846354166666
0.72998046875
0.7330729166666666
0.7310384114583334
0.7330729166666666
0.7306315104166666
0.7344563802083334
0.734130859375
0.7294921875
0.7286783854166666
0.7283528645833334
0.7325032552083334
0.729736328125
0.73291015625
0.734375
0.73583984375
0.7352701822916666
0.730224609375
0.7298177083333334
0.73193359375
0.737060546875
0.7388509114583334
0.7408854166666666
0.7430826822916666
0.7314453125
0.7303059895833334
0.735107421875
0.7289225260416666
0.733154296875
0.727783203125
0.7342936197916666
0.736328125
0.73486328125
0.7351888020833334
0.7400716145833334
0.735595703125
0.731689453125
0.734619140625
0.7398274739583334
0.734375
0.736328125
0.736083984375
0.7330729166666666
0.736572265625
0.734375
0.733154296875
0.7408040364583334
0.737548828125
0.73779296875
0.7442220052083334
0.7500813802083334
0.7482096354166666
0.73974609375
0.7360026041666666
0.7440592447916666
0.7396647135416666
0.7408854166666666
0.7384440104166666
0.7320149739583334
0.7371419270833334
0.7349446614583334
0.7415364583333334
0.7455240885416666
0.7420247395833334
0.7491048177083334
0.744384765625
0.74267578125
0.7459309895833334
0.7474772135416666
0.741943359375
0.74462890625
0.7499186197916666
0.7455240885416666
0.7428385416666666
0.7403157552083334
0.7412109375
0.7466634114583334
0.74560546875
0.740234375
0.7392578125
0.7388509114583334
0.7430826822916666
0.73779296875
0.748779296875
0.7442220052083334
0.7396647135416666
0.7452799479166666
0.744140625
0.7478841145833334
0.7435709635416666
0.7467447916666666
0.7459309895833334
0.7484537760416666
0.7454427083333334
0.7472330729166666
0.7478841145833334
0.7478841145833334
0.754638671875
0.7517903645833334
0.7517903645833334
0.7527669270833334
0.75048828125
0.74951171875
0.749267578125
0.7472330729166666
0.7447102864583334
0.747802734375
0.745849609375
0.7482096354166666
0.7498372395833334
0.7473958333333334
0.7522786458333334
0.7509765625
0.7477213541666666
0.7466634114583334
0.7478841145833334
0.746337890625
0.7454427083333334
0.7520345052083334
0.7491048177083334
0.7500813802083334
0.755126953125
0.750244140625
0.7490234375
0.7469889322916666
0.7537434895833334
0.748779296875
0.7559407552083334
0.7538248697916666
0.7495930989583334
0.7469889322916666
0.75341796875
0.7490234375
0.7494303385416666
0.74755859375
0.7520345052083334
0.74853515625
0.75244140625
0.75439453125
0.7550455729166666
0.757080078125
0.7530924479166666
0.7569986979166666
0.7640787760416666
0.762939453125
0.7631022135416666
0.7626953125
0.7652180989583334
0.7650553385416666
0.7633463541666666
0.7618815104166666
0.760498046875
0.7603352864583334
0.76416015625
0.7648111979166666
0.7632649739583334
0.764404296875
0.76025390625
0.7606608072916666
0.765380859375
0.7655436197916666
0.7588704427083334
0.7574055989583334
0.76025390625
0.76513671875
0.76220703125
0.763427734375
0.760498046875
0.772216796875
0.7622884114583334
0.759521484375
0.761474609375
0.763427734375
0.7626953125
0.76611328125
0.76318359375
0.7644856770833334
0.7711588541666666
0.7645670572916666
0.768798828125
0.7659505208333334
0.7583821614583334
0.7642415364583334
0.7596842447916666
0.7591145833333334
0.7628580729166666
0.762939453125
0.7644856770833334
0.7688802083333334
0.7672526041666666
0.7632649739583334
0.765625
0.7664388020833334
0.7718098958333334
0.7699381510416666
0.7776692708333334
0.777099609375
0.779052734375
0.7777506510416666
0.7732747395833334
0.775634765625
0.77783203125
0.7838541666666666
0.7836100260416666
0.78125
0.7781575520833334
0.779296875
0.7762858072916666
0.785400390625
0.7820638020833334
0.7870279947916666
0.7845052083333334
0.786376953125
0.786865234375
0.7923177083333334
0.788818359375
0.7894694010416666
0.7876790364583334
0.7952473958333334
0.7919108072916666
0.7962239583333334
0.7964680989583334
0.79736328125
0.7999674479166666
0.799560546875
0.8021647135416666
0.7997233072916666
0.8017578125
0.8056640625
0.8040364583333334
0.8076985677083334
0.8077799479166666
0.8076985677083334
0.8131510416666666
0.8116861979166666
0.8142903645833334
0.8104654947916666
0.8113606770833334
0.8126627604166666
0.8090006510416666
0.8113606770833334
0.8113606770833334
0.8170572916666666
0.8193359375
0.8175455729166666
0.8255208333333334
0.8209635416666666
0.8186848958333334
0.8234049479166666
0.8216959635416666
0.8312174479166666
0.8323567708333334
0.8311360677083334
0.8265787760416666
0.8251139322916666
0.82470703125
0.8286946614583334
0.8296712239583334
0.8321126302083334
0.8324381510416666
0.83154296875
0.8260091145833334
0.82666015625
0.8317057291666666
0.833740234375
0.838623046875
0.8387044270833334
0.8348795572916666
0.836181640625
0.8326822916666666
0.8309733072916666
0.83251953125
0.8362630208333334
0.8450520833333334
0.8412272135416666
0.8470052083333334
0.8426920572916666
0.843505859375
0.8440755208333334
0.8487955729166666
0.8489583333333334
0.845947265625
0.8452962239583334
0.8453776041666666
0.849365234375
0.8501790364583334
0.84619140625
0.8455403645833334
0.8490397135416666
0.8455403645833334
0.8463541666666666
0.8453776041666666
0.853515625
0.8566080729166666
0.857666015625
0.8597819010416666
0.8610026041666666
0.861083984375
0.8592936197916666
0.8588053385416666
0.8592122395833334
0.86474609375
0.8624674479166666
0.865966796875
0.8667805989583334
0.8681640625
0.8640950520833334
0.8641764322916666
0.869140625
0.8705240885416666
0.8705240885416666
0.8736165364583334
0.8773600260416666
0.87451171875
0.8753255208333334
0.8722330729166666
0.8734537760416666
0.87841796875
0.877197265625
0.879638671875
0.8818359375
0.8809407552083334
0.8802083333333334
0.8783365885416666
0.8758138020833334
0.875732421875
0.8763020833333334
0.8819986979166666
0.8778483072916666
0.8819173177083334
0.8850911458333334
0.8885091145833334
0.8916829427083334
0.89013671875
0.888427734375
0.8926595052083334
0.8902994791666666
0.894287109375
0.8968098958333334
0.898193359375
0.8968098958333334
0.8965657552083334
0.8978678385416666
0.8975423177083334
0.8964029947916666
0.8966471354166666
0.9004720052083334
0.90625
0.9056803385416666
0.9070638020833334
0.906494140625
0.9047037760416666
0.9070638020833334
0.9022623697916666
0.9061686197916666
0.9069010416666666
0.9052734375
0.90625
0.9073079427083334
0.905029296875
0.905517578125
0.9059244791666666
0.9102376302083334
0.91259765625
0.9107259114583334
0.9102376302083334
0.9082845052083334
0.90966796875
0.909912109375
0.912109375
0.9095052083333334
0.912353515625
0.91357421875
0.9168294270833334
0.91552734375
0.91650390625
0.9166666666666666
0.9154459635416666
0.9175618489583334
0.9173990885416666
0.9195963541666666
0.9202473958333334
0.9186197916666666
0.9191080729166666
0.919921875
0.9208984375
0.9226888020833334
0.9191080729166666
0.920166015625
0.9183756510416666
0.91796875
0.9195149739583334
0.92236328125
0.9259440104166666
0.92578125
0.92578125
0.926025390625
0.927001953125
0.9283040364583334
0.9265950520833334
0.9243977864583334
0.925537109375
0.9278157552083334
0.9259440104166666
0.9278157552083334
0.9281412760416666
0.925537109375
0.9278157552083334
0.93017578125
0.9287109375
0.92626953125
0.931884765625
0.928466796875
0.9300944010416666
0.9288736979166666
0.9322102864583334
0.9318033854166666
0.9327799479166666
0.93017578125
0.928466796875
0.9296061197916666
0.930419921875
0.933349609375
0.9358723958333334
0.93798828125
0.9373372395833334
0.93603515625
0.935302734375
0.9356282552083334
0.9383951822916666
0.9381510416666666
0.9351399739583334
0.9364420572916666
0.93505859375
0.936767578125
0.9361979166666666
0.9388020833333334
0.9388834635416666
0.9370930989583334
0.936279296875
0.935791015625
0.935546875
0.9358723958333334
0.9371744791666666
0.9412434895833334
0.9405924479166666
0.942138671875
0.941162109375
0.9427083333333334
0.938720703125
0.9395345052083334
0.9405110677083334
0.9430338541666666
0.9419759114583334
0.942138671875
0.94482421875
0.9441731770833334
0.9437662760416666
0.9423014322916666
0.9425455729166666
0.9427083333333334
0.9435221354166666
0.9417317708333334
0.9434407552083334
0.94287109375
0.9417317708333334
0.944580078125
0.9480794270833334
0.946533203125
0.945068359375
0.946533203125
0.9462076822916666
0.9456380208333334
0.9430338541666666
0.9451497395833334
0.943115234375
0.9464518229166666
0.9447428385416666
0.9466145833333334
0.9444173177083334
0.944091796875
0.9427083333333334
0.9444173177083334
0.94189453125
0.9434407552083334
0.945068359375
0.942626953125
0.9419759114583334
0.941162109375
0.9422200520833334
0.941162109375
0.9403483072916666
0.9405924479166666
0.93896484375
0.9431966145833334
0.9424641927083334
0.945068359375
0.947998046875
0.9479166666666666
0.946533203125
0.94677734375
0.9440104166666666
0.94482421875
0.9459635416666666
0.9500325520833334
0.945068359375
0.947021484375
0.9464518229166666
0.946044921875
0.9466959635416666
0.945556640625
0.9451497395833334
0.9484049479166666
0.947509765625
0.9491373697916666
0.95068359375
0.9517415364583334
0.9515787760416666
0.9510904947916666
0.9488932291666666
0.9503580729166666
0.9510904947916666
0.9522298177083334
0.94970703125
0.9490559895833334
0.9493001302083334
0.9488118489583334
0.9482421875
0.9488932291666666
0.9501139322916666
0.9512532552083334
0.9525553385416666
0.9520670572916666
0.9527180989583334
0.951904296875
0.9519856770833334
0.951904296875
0.95361328125
0.9549153645833334
0.9544270833333334
0.9557291666666666
0.9566243489583334
0.954833984375
0.9530436197916666
0.951416015625
0.952392578125
0.952392578125
0.9523111979166666
0.9520670572916666
0.9510904947916666
0.952880859375
0.9519856770833334
0.9517415364583334
0.950927734375
0.95263671875
0.95263671875
0.95263671875
0.9517415364583334
0.9534505208333334
0.9532877604166666
0.953125
0.9546712239583334
0.9561360677083334
0.953369140625
0.9549153645833334
0.9547526041666666
0.9540201822916666
0.9532877604166666
0.9521484375
0.9554850260416666
0.9554036458333334
0.9549153645833334
0.9537760416666666
0.9552408854166666
0.955078125
0.9547526041666666
0.9556477864583334
0.9549153645833334
0.9557291666666666
0.955810546875
0.9554036458333334
0.955078125
0.9547526041666666
0.9547526041666666
0.9561360677083334
0.9554850260416666
0.9544270833333334
0.955810546875
0.9554850260416666
0.9568684895833334
0.956787109375
0.95654296875
