0.6286808894230769
0.6197415865384616
0.6145582932692307
0.603515625
0.6074969951923077
0.6058443509615384
0.603515625
0.6077974759615384
0.6118539663461539
0.6058443509615384
0.6094501201923077
0.6059945913461539
0.6104266826923077
0.6095252403846154
0.6177884615384616
0.6055438701923077
0.6094501201923077
0.6151592548076923
0.6105018028846154
0.6064453125
0.6163611778846154
0.6141826923076923
0.6074969951923077
0.6101262019230769
0.6114783653846154
0.609375
0.6062199519230769
0.6077974759615384
0.6084735576923077
0.6092998798076923
0.6126802884615384
0.6134314903846154
0.6130558894230769
0.6102013221153846
0.6109525240384616
0.6100510817307693
0.6089242788461539
0.6108022836538461
0.6151592548076923
0.6067457932692307
0.6104266826923077
0.6071965144230769
0.609375
0.6120042067307693
0.6083233173076923
0.6083233173076923
0.6111027644230769
0.6048677884615384
0.6121544471153846
0.6082481971153846
0.6117788461538461
0.6072716346153846
0.6174879807692307
0.6151592548076923
0.6138070913461539
0.6011868990384616
0.6158353365384616
0.6092998798076923
0.6095252403846154
0.6151592548076923
0.6135817307692307
0.6096003605769231
0.6056941105769231
0.6118539663461539
0.6123798076923077
0.6030649038461539
0.6066706730769231
0.6114032451923077
0.60546875
0.5997596153846154
0.6089993990384616
0.6109525240384616
0.6135817307692307
0.607421875
0.6099008413461539
0.6084735576923077
0.6070462740384616
0.609375
0.6147836538461539
0.6162860576923077
0.6195162259615384
0.6161358173076923
0.6119290865384616
0.6172626201923077
0.61328125
0.6134314903846154
0.6070462740384616
0.6117788461538461
0.6146334134615384
0.615234375
0.6122295673076923
0.6135817307692307
0.6135817307692307
0.6161358173076923
0.6147836538461539
0.6065955528846154
0.6150090144230769
0.6126802884615384
0.6071213942307693
0.6128305288461539
0.6181640625
0.6150841346153846
0.6153846153846154
0.6081730769230769
0.6098257211538461
0.6203425480769231
0.6189903846153846
0.6059194711538461
0.6168118990384616
0.6138070913461539
0.61328125
0.6120042067307693
0.6202674278846154
0.6116286057692307
0.6110276442307693
0.6174879807692307
0.6086237980769231
0.6144080528846154
0.6130558894230769
0.6081730769230769
0.6068960336538461
0.6177133413461539
0.6150090144230769
0.6144080528846154
0.6154597355769231
0.6118539663461539
0.6159855769230769
0.6195162259615384
0.6142578125
0.6177133413461539
0.6190655048076923
0.6155348557692307
0.6122295673076923
0.6120042067307693
0.6079477163461539
0.6046424278846154
0.6108022836538461
0.6147085336538461
0.6158353365384616
0.6185396634615384
0.6155348557692307
0.6135817307692307
0.6110276442307693
0.6151592548076923
0.6154597355769231
0.6198167067307693
0.6143329326923077
0.6153094951923077
0.6156850961538461
0.6132061298076923
0.6161358173076923
0.6104266826923077
0.6115534855769231
0.6183143028846154
0.6147836538461539
0.6218449519230769
0.6153094951923077
0.6141826923076923
0.6202674278846154
0.6183894230769231
0.6186147836538461
0.6150090144230769
0.6219200721153846
0.6232722355769231
0.6158353365384616
0.6174128605769231
0.6120042067307693
0.6159855769230769
0.6144831730769231
0.6129807692307693
0.6193659855769231
0.6160606971153846
0.6195913461538461
0.6163611778846154
0.6186147836538461
0.6078725961538461
0.6120793269230769
0.6201171875
0.6192908653846154
0.6172626201923077
0.6213191105769231
0.6237229567307693
0.6178635817307693
0.6161358173076923
0.6083233173076923
0.6140324519230769
0.6153846153846154
0.6132061298076923
0.6233473557692307
0.6198167067307693
0.6177133413461539
0.6162109375
0.6243239182692307
0.6216195913461539
0.6168118990384616
0.6176382211538461
0.6244741586538461
0.6147085336538461
0.6197415865384616
0.615234375
0.6263521634615384
0.6211688701923077
0.6157602163461539
0.6202674278846154
0.6183143028846154
0.6166616586538461
0.6135066105769231
0.6142578125
0.6231971153846154
0.6153846153846154
0.6129056490384616
0.6231971153846154
0.6120793269230769
0.6174128605769231
0.6144831730769231
0.6201171875
0.6260516826923077
0.619140625
0.6144831730769231
0.6229717548076923
0.6256009615384616
0.6235727163461539
0.6246995192307693
0.6155348557692307
0.6231219951923077
0.6203425480769231
0.6256760817307693
0.6246995192307693
0.6206430288461539
0.6203425480769231
0.6226712740384616
0.6195913461538461
0.6248497596153846
0.6324368990384616
0.6240234375
0.6284555288461539
0.6257512019230769
0.6270282451923077
0.6198918269230769
0.6260516826923077
0.6204176682692307
0.6219951923076923
0.6231971153846154
0.6228966346153846
0.6207181490384616
0.6257512019230769
0.6246243990384616
0.6206430288461539
0.6163611778846154
0.6238731971153846
0.6211688701923077
0.6151592548076923
0.6195162259615384
0.6171875
0.6257512019230769
0.6189903846153846
0.6193659855769231
0.6240234375
0.625
0.6207932692307693
0.6214693509615384
0.6176382211538461
0.6219200721153846
0.6261268028846154
0.6215444711538461
0.6216947115384616
0.6147085336538461
0.6210186298076923
0.625
0.6226712740384616
0.6181640625
0.6170372596153846
0.6107271634615384
0.6171875
0.6214693509615384
0.6229717548076923
0.6287560096153846
0.6177884615384616
0.6280048076923077
0.6235727163461539
0.6256760817307693
0.6201923076923077
0.6209435096153846
0.619140625
0.6197415865384616
0.6261268028846154
0.6315354567307693
0.6189152644230769
0.6199669471153846
0.6240985576923077
0.6189903846153846
0.6185396634615384
0.6243239182692307
0.6243990384615384
0.6204927884615384
0.6195913461538461
0.6210186298076923
0.6243239182692307
0.6294320913461539
0.6298828125
0.6231219951923077
0.6150090144230769
0.6227463942307693
0.6271784855769231
0.6198918269230769
0.6247746394230769
0.6253004807692307
0.6174879807692307
0.6277043269230769
0.6237980769230769
0.6239483173076923
0.6300330528846154
0.6276292067307693
0.6219200721153846
0.6222956730769231
0.6235727163461539
0.6222956730769231
0.6290564903846154
0.6309344951923077
0.6257512019230769
0.6204927884615384
0.6228215144230769
0.6222956730769231
0.6254507211538461
0.6296574519230769
0.6204927884615384
0.6282301682692307
0.6246995192307693
0.6304086538461539
0.6217698317307693
0.6160606971153846
0.6221454326923077
0.6272536057692307
0.6200420673076923
0.6195162259615384
0.6298828125
0.6274038461538461
0.6240234375
0.6247746394230769
0.6281550480769231
0.6257512019230769
0.6216195913461539
0.6298828125
0.6284555288461539
0.6265024038461539
0.6217698317307693
0.6278545673076923
0.6233473557692307
0.6258263221153846
0.6301832932692307
0.6274789663461539
0.6217698317307693
0.6174128605769231
0.6268028846153846
0.6265775240384616
0.6241736778846154
0.6217698317307693
0.6225210336538461
0.6282301682692307
0.6243990384615384
0.6237980769230769
0.6228966346153846
0.6290564903846154
0.6262019230769231
0.6350661057692307
0.6299579326923077
0.6259014423076923
0.6293569711538461
0.6281550480769231
0.6232722355769231
0.6285306490384616
0.6250751201923077
0.6286808894230769
0.6232722355769231
0.6257512019230769
0.6275540865384616
0.6265024038461539
0.6247746394230769
0.6225210336538461
0.6276292067307693
0.6228966346153846
0.6280799278846154
0.6300330528846154
0.6254507211538461
0.6243990384615384
0.6231219951923077
0.6199669471153846
0.6222205528846154
0.6240234375
0.6313100961538461
0.6261268028846154
0.6228215144230769
0.6198918269230769
0.6206430288461539
0.6231219951923077
0.6239483173076923
0.625
0.6262019230769231
0.6310096153846154
0.6323617788461539
0.6343900240384616
0.6264272836538461
0.6286808894230769
0.6304086538461539
0.6295072115384616
0.6234224759615384
0.6283052884615384
0.6303335336538461
0.6291316105769231
0.6260516826923077
0.6249248798076923
0.6286808894230769
0.6316856971153846
0.6293569711538461
0.6307842548076923
0.6319861778846154
0.6279296875
0.6254507211538461
0.6309344951923077
0.6298076923076923
0.6342397836538461
0.6281550480769231
0.6262019230769231
0.6301081730769231
0.6280048076923077
0.6273287259615384
0.6350661057692307
0.6283804086538461
0.6283052884615384
0.6333383413461539
0.6336388221153846
0.6322866586538461
0.6325120192307693
0.6355168269230769
0.6297325721153846
0.6261268028846154
0.6256009615384616
0.6289813701923077
0.6324368990384616
0.6272536057692307
0.6254507211538461
0.6254507211538461
0.6356670673076923
0.6282301682692307
0.6304837740384616
0.6355919471153846
0.6328876201923077
0.6344651442307693
0.6304086538461539
0.6323617788461539
0.6373948317307693
0.6283052884615384
0.6307842548076923
0.6353665865384616
0.6376953125
0.6344651442307693
0.6259014423076923
0.6323617788461539
0.6364933894230769
0.6294320913461539
0.6330378605769231
0.6332632211538461
0.6323617788461539
0.6284555288461539
0.6358173076923077
0.6376201923076923
0.6357421875
0.6330378605769231
0.6451322115384616
0.6366436298076923
0.6325871394230769
0.6357421875
0.6379206730769231
0.6374699519230769
0.6319110576923077
0.6285306490384616
0.6265775240384616
0.6328125
0.6304837740384616
0.6274789663461539
0.6393479567307693
0.6360426682692307
0.640625
0.6507662259615384
0.6418269230769231
0.6372445913461539
0.6317608173076923
0.6312349759615384
0.6337139423076923
0.6389723557692307
0.6403996394230769
0.6396484375
0.6357421875
0.6412259615384616
0.6325120192307693
0.6407752403846154
0.6370943509615384
0.6340144230769231
0.6343149038461539
0.6383713942307693
0.6327373798076923
0.6324368990384616
0.6312349759615384
0.6346905048076923
0.6380709134615384
0.630859375
0.6381460336538461
0.6394981971153846
0.6339393028846154
0.6334885817307693
0.6329627403846154
0.6398737980769231
0.6391977163461539
0.6376201923076923
0.6362680288461539
0.6319110576923077
0.6325120192307693
0.6354417067307693
0.6338641826923077
0.6345402644230769
0.6374699519230769
0.6400991586538461
0.6253756009615384
0.6323617788461539
0.6292067307692307
0.6288311298076923
0.6355168269230769
0.6357421875
0.6428034855769231
0.6428034855769231
0.6400991586538461
0.6382211538461539
0.6359675480769231
0.6328125
0.6379957932692307
0.6399489182692307
0.6383713942307693
0.6434795673076923
0.6449068509615384
0.6357421875
0.6355919471153846
0.6364933894230769
0.6313100961538461
0.6401742788461539
0.6410006009615384
0.6438551682692307
0.6439302884615384
0.6454326923076923
0.6420522836538461
0.6411508413461539
0.6422025240384616
0.6353665865384616
0.6394981971153846
0.6376953125
0.6345402644230769
0.6415264423076923
0.6389723557692307
0.6424278846153846
0.6469350961538461
0.6385967548076923
0.6364933894230769
0.6391977163461539
0.6396484375
0.6396484375
0.6385216346153846
0.6394230769230769
0.6440805288461539
0.6490384615384616
0.6490384615384616
0.6450570913461539
0.638671875
0.6425030048076923
0.6463341346153846
0.642578125
0.6428786057692307
0.6459585336538461
0.6500150240384616
0.6416766826923077
0.6432542067307693
0.6393479567307693
0.6436298076923077
0.650390625
0.6420522836538461
0.6435546875
0.6381460336538461
0.6367938701923077
0.6482121394230769
0.6434795673076923
0.6455078125
0.6437800480769231
0.6403996394230769
0.6461087740384616
0.6355168269230769
0.6359675480769231
0.6402493990384616
0.6467848557692307
0.6462590144230769
0.6420522836538461
0.6495643028846154
0.6442307692307693
0.6410757211538461
0.6471604567307693
0.6470853365384616
0.6452073317307693
0.6426532451923077
0.6441556490384616
0.6433293269230769
0.6425030048076923
0.6397986778846154
0.6443810096153846
0.6467097355769231
0.6395733173076923
0.6443058894230769
0.6419771634615384
0.6471604567307693
0.6492638221153846
0.6479867788461539
0.6423527644230769
0.6506911057692307
0.6437800480769231
0.6400240384615384
0.6441556490384616
0.6433293269230769
0.6403245192307693
0.6466346153846154
0.6410757211538461
0.640625
0.6410757211538461
0.6436298076923077
0.6450570913461539
0.6431790865384616
0.6416766826923077
0.6414513221153846
0.6391225961538461
0.6370943509615384
0.6447566105769231
0.6413762019230769
0.6431039663461539
0.6393479567307693
0.6437800480769231
0.6433293269230769
0.6473106971153846
0.6500901442307693
0.6482121394230769
0.6506159855769231
0.64453125
0.6493389423076923
0.6501652644230769
0.6428786057692307
0.6479867788461539
0.6377704326923077
0.6492638221153846
0.6464092548076923
0.6467097355769231
0.6473106971153846
0.6449819711538461
0.6407752403846154
0.6422776442307693
0.6439302884615384
0.6409254807692307
0.6429537259615384
0.6463341346153846
0.6422776442307693
0.6470853365384616
0.6494891826923077
0.6550480769230769
0.6552734375
0.6450570913461539
0.6501652644230769
0.6431790865384616
0.6472355769230769
0.6443058894230769
0.6481370192307693
0.6457331730769231
0.6437800480769231
0.6399489182692307
0.6391977163461539
0.6450570913461539
0.6451322115384616
0.6424278846153846
0.6461087740384616
0.6484375
0.6467097355769231
0.6497145432692307
0.6446063701923077
0.6458834134615384
0.6476111778846154
0.6487379807692307
0.6488131009615384
0.6433293269230769
0.6430288461538461
0.6476862980769231
0.6431790865384616
0.6423527644230769
0.6480618990384616
0.6488131009615384
0.6482121394230769
0.6450570913461539
0.6488882211538461
0.6449068509615384
0.6454326923076923
0.6490384615384616
0.6551231971153846
0.6504657451923077
0.6546724759615384
0.6521183894230769
0.6510667067307693
0.6553485576923077
0.6524188701923077
0.6478365384615384
0.6491135817307693
0.6501652644230769
0.6518179086538461
0.6482121394230769
0.6463341346153846
0.6482872596153846
0.6506159855769231
0.6455078125
0.6482121394230769
0.6554987980769231
0.6539212740384616
0.6560246394230769
0.6515174278846154
0.6485126201923077
0.6476862980769231
0.6450570913461539
0.6468599759615384
0.6473106971153846
0.6441556490384616
0.6461838942307693
0.6497145432692307
0.6434795673076923
0.6518930288461539
0.6488882211538461
0.6554236778846154
0.650390625
0.6497896634615384
0.6576021634615384
0.6508413461538461
0.6530949519230769
0.654296875
0.6532451923076923
0.6521935096153846
0.6519681490384616
0.6530949519230769
0.6560246394230769
0.6508413461538461
0.6524188701923077
0.6510667067307693
0.65234375
0.6443810096153846
0.6497145432692307
0.6556490384615384
0.6545222355769231
0.6510667067307693
0.6502403846153846
0.6560246394230769
0.6554236778846154
0.6588792067307693
0.6543719951923077
0.6567007211538461
0.6515925480769231
0.6543719951923077
0.6575270432692307
0.6537710336538461
0.6590294471153846
0.6564002403846154
0.6539963942307693
0.6533203125
0.6549729567307693
0.6522686298076923
0.6539212740384616
0.6606069711538461
0.6587289663461539
0.6609825721153846
0.6532451923076923
0.6566256009615384
0.6554236778846154
0.6554236778846154
0.6594801682692307
0.6629356971153846
0.6638371394230769
0.6634615384615384
0.6603816105769231
0.6625600961538461
0.6628605769230769
0.6603816105769231
0.6669921875
0.6633864182692307
0.6606069711538461
0.6606069711538461
0.6599308894230769
0.6585787259615384
0.6545222355769231
0.6531700721153846
0.6582782451923077
0.6580528846153846
0.6619591346153846
0.6669170673076923
0.6684945913461539
0.6619591346153846
0.6619591346153846
0.6639873798076923
0.6663161057692307
0.6669170673076923
0.6631610576923077
0.6690955528846154
0.6669921875
0.6578275240384616
0.6664663461538461
0.6684945913461539
0.6668419471153846
0.6643629807692307
0.6639873798076923
0.6677433894230769
0.6646634615384616
0.6663161057692307
0.6648137019230769
0.6621844951923077
0.6666165865384616
0.6643629807692307
0.6576772836538461
0.6643629807692307
0.6643629807692307
0.6667668269230769
0.6603816105769231
0.6612079326923077
0.6629356971153846
0.6686448317307693
0.6638371394230769
0.6612830528846154
0.6657902644230769
0.6611328125
0.6671424278846154
0.6589543269230769
0.6574519230769231
0.6638371394230769
0.6586538461538461
0.6615835336538461
0.6618840144230769
0.6681189903846154
0.6677433894230769
0.6666917067307693
0.6624849759615384
0.6640625
0.6669921875
0.6642127403846154
0.6684945913461539
0.6652644230769231
0.6626352163461539
0.6648888221153846
0.6636868990384616
0.6622596153846154
0.6618840144230769
0.6685697115384616
0.6699969951923077
0.6702223557692307
0.6692457932692307
0.6708984375
0.6633864182692307
0.6660907451923077
0.6701472355769231
0.6654897836538461
0.6667668269230769
0.6637620192307693
0.6666165865384616
0.6656400240384616
0.6779597355769231
0.6753305288461539
0.6729266826923077
0.6748798076923077
0.6734525240384616
0.6734525240384616
0.6744290865384616
0.671875
0.6784104567307693
0.6762319711538461
0.6784855769230769
0.67578125
0.6717998798076923
0.6763070913461539
0.6766075721153846
0.6769831730769231
0.673828125
0.6711989182692307
0.6670673076923077
0.6653395432692307
0.6696213942307693
0.6699969951923077
0.6684945913461539
0.666015625
0.6684945913461539
0.671875
0.6745042067307693
0.6671424278846154
0.6689453125
0.6723257211538461
0.6708233173076923
0.6678185096153846
0.6727013221153846
0.6714242788461539
0.6788611778846154
0.6722506009615384
0.6721003605769231
0.6745042067307693
0.6747295673076923
0.6712740384615384
0.671875
0.6732271634615384
0.6778846153846154
0.6763822115384616
0.6782602163461539
0.6769831730769231
0.6729266826923077
0.6727013221153846
0.6760066105769231
0.6778094951923077
0.6767578125
0.6814152644230769
0.6824669471153846
0.6853215144230769
0.6827674278846154
0.6847956730769231
0.6829927884615384
0.6797626201923077
0.6847205528846154
0.6860727163461539
0.6802133413461539
0.6836688701923077
0.6859224759615384
0.6834435096153846
0.6854717548076923
0.6886268028846154
0.6881009615384616
0.6825420673076923
0.6808143028846154
0.6811147836538461
0.6817157451923077
0.6769080528846154
0.6805889423076923
0.6821664663461539
0.6817908653846154
0.6787109375
0.6751051682692307
0.6778094951923077
0.6767578125
0.6774338942307693
0.6758563701923077
0.6748798076923077
0.6785606971153846
0.6806640625
0.6828425480769231
0.6769080528846154
0.6821664663461539
0.6782602163461539
0.6774338942307693
0.6787860576923077
0.6829176682692307
0.6752554086538461
0.6732271634615384
0.6727013221153846
0.6693960336538461
0.6757061298076923
0.6713491586538461
0.6700721153846154
0.6772085336538461
0.6763070913461539
0.6729266826923077
0.6727013221153846
0.6729266826923077
0.6694711538461539
0.6715745192307693
0.6739032451923077
0.6735276442307693
0.6781099759615384
0.6809645432692307
0.6796123798076923
0.6783353365384616
0.6750300480769231
0.6778094951923077
0.6808894230769231
0.6868239182692307
0.6832181490384616
0.6832181490384616
0.6759314903846154
0.6785606971153846
0.6780348557692307
0.6793118990384616
0.6835186298076923
0.6795372596153846
0.6792367788461539
0.6784104567307693
0.67578125
0.6750300480769231
0.6772085336538461
0.6783353365384616
0.6783353365384616
0.6736027644230769
0.6789362980769231
0.6797626201923077
0.6779597355769231
