0.6779597355769231
0.6833683894230769
0.6811899038461539
0.6765324519230769
0.6755558894230769
0.6776592548076923
0.6756310096153846
0.6790865384615384
0.6820913461538461
0.6795372596153846
0.6774338942307693
0.681640625
0.6791616586538461
0.6826923076923077
0.6789362980769231
0.685546875
0.6837439903846154
0.6868990384615384
0.6818659855769231
0.6809645432692307
0.6781850961538461
0.6797626201923077
0.6811147836538461
0.6791616586538461
0.6826923076923077
0.6823918269230769
0.6847956730769231
0.6796875
0.6830679086538461
0.6829176682692307
0.6828425480769231
0.6838942307692307
0.6856971153846154
0.6815655048076923
0.6811899038461539
0.68359375
0.6859224759615384
0.6860727163461539
0.6808143028846154
0.6803635817307693
0.6826171875
0.6807391826923077
0.6856219951923077
0.6846454326923077
0.6802884615384616
0.6856971153846154
0.6873497596153846
0.6876502403846154
0.6806640625
0.6851712740384616
0.6872746394230769
0.6875
0.6919320913461539
0.6876502403846154
0.6834435096153846
0.6841195913461539
0.6780348557692307
0.6781850961538461
0.6842698317307693
0.6852463942307693
0.6849459134615384
0.6854717548076923
0.6866736778846154
0.6851712740384616
0.6857722355769231
0.6869741586538461
0.6853215144230769
0.6841947115384616
0.6796875
0.6848707932692307
0.6862229567307693
0.6830679086538461
0.6814903846153846
0.6804387019230769
0.6826923076923077
0.6815655048076923
0.6830679086538461
0.6841195913461539
0.6817908653846154
0.6779597355769231
0.6774338942307693
0.6772836538461539
0.6783353365384616
0.6766075721153846
0.6806640625
0.6742037259615384
0.6769080528846154
0.6800631009615384
0.6823918269230769
0.6815655048076923
0.6831430288461539
0.6803635817307693
0.6770582932692307
0.6762319711538461
0.6789362980769231
0.6791616586538461
0.6747295673076923
0.6739032451923077
0.6796123798076923
0.677734375
0.6824669471153846
0.6837439903846154
0.6844951923076923
0.6814152644230769
0.6793118990384616
0.6795372596153846
0.6802884615384616
0.6773587740384616
0.6806640625
0.6768329326923077
0.6749549278846154
0.6749549278846154
0.6790865384615384
0.6827674278846154
0.6844951923076923
0.6836688701923077
0.6829176682692307
0.6832932692307693
0.6835186298076923
0.6801382211538461
0.6825420673076923
0.6786358173076923
0.6805138221153846
0.6814903846153846
0.6826923076923077
0.6828425480769231
0.6784104567307693
0.681640625
0.6807391826923077
0.6873497596153846
0.6848707932692307
0.6806640625
0.681640625
0.6811899038461539
0.677734375
0.6791616586538461
0.6790865384615384
0.6799879807692307
0.6764573317307693
0.6730769230769231
0.6826923076923077
0.6767578125
0.6801382211538461
0.6814152644230769
0.6808143028846154
0.6779597355769231
0.6782602163461539
0.6799128605769231
0.6751051682692307
0.6753305288461539
0.6715745192307693
0.6748798076923077
0.6754807692307693
0.6757061298076923
0.6728515625
0.6735276442307693
0.6803635817307693
0.6814152644230769
0.6782602163461539
0.6741286057692307
0.671875
0.6713491586538461
0.6776592548076923
0.6793870192307693
0.6771334134615384
0.6802884615384616
0.6789362980769231
0.6815655048076923
0.6823167067307693
0.6758563701923077
0.6760066105769231
0.6741286057692307
0.6746544471153846
0.6727764423076923
0.6745793269230769
0.6733022836538461
0.6714242788461539
0.6681189903846154
0.6681941105769231
0.6651893028846154
0.6648888221153846
0.6669170673076923
0.6687199519230769
0.6725510817307693
0.6786358173076923
0.6766075721153846
0.6702223557692307
0.6709735576923077
0.671875
0.6664663461538461
0.6729266826923077
0.6772836538461539
0.6734525240384616
0.669921875
0.6712740384615384
0.6784104567307693
0.6709735576923077
0.6666917067307693
0.6669170673076923
0.669921875
0.6687199519230769
0.6696213942307693
0.6669170673076923
0.6754807692307693
0.6696213942307693
0.6735276442307693
0.6705979567307693
0.6651141826923077
0.6704477163461539
0.6748046875
0.6692457932692307
0.6714242788461539
0.6725510817307693
0.6721003605769231
0.6726262019230769
0.6706730769230769
0.6759314903846154
0.6766075721153846
0.6764573317307693
0.6820913461538461
0.6753305288461539
0.6693209134615384
0.6704477163461539
0.6689453125
0.6725510817307693
0.6693209134615384
0.6791616586538461
0.6767578125
0.673828125
0.6761568509615384
0.6753305288461539
0.6736027644230769
0.6724008413461539
0.6752554086538461
0.6719501201923077
0.6745042067307693
0.6700721153846154
0.6707481971153846
0.6671424278846154
0.6670673076923077
0.6702974759615384
0.6697716346153846
0.6695462740384616
0.6641376201923077
0.6645132211538461
0.6651893028846154
0.6749549278846154
0.6708984375
0.6663912259615384
0.6732271634615384
0.6708233173076923
0.6725510817307693
0.6742037259615384
0.6732271634615384
0.6728515625
0.6759314903846154
0.6794621394230769
0.6769080528846154
0.673828125
0.6760817307692307
0.6793118990384616
0.6701472355769231
0.6708233173076923
0.6690955528846154
0.6723257211538461
0.6725510817307693
0.6666917067307693
0.6730769230769231
0.6657151442307693
0.6696213942307693
0.6681189903846154
0.6684945913461539
0.6733774038461539
0.6758563701923077
0.6696213942307693
0.6656400240384616
0.6629356971153846
0.6702974759615384
0.6747295673076923
0.6740534855769231
0.6742037259615384
0.6748798076923077
0.6684194711538461
0.6689453125
0.6715745192307693
0.6672926682692307
0.6742037259615384
0.6705228365384616
0.6681189903846154
0.6676682692307693
0.6713491586538461
0.6603064903846154
0.6645883413461539
0.6703725961538461
0.6715745192307693
0.6653395432692307
0.6671424278846154
0.6723257211538461
0.6655649038461539
0.6693209134615384
0.6690955528846154
0.6681941105769231
0.6681941105769231
0.6638371394230769
0.6648137019230769
0.6734525240384616
0.6699969951923077
0.6737530048076923
0.6717247596153846
0.6691706730769231
0.6711237980769231
0.6669170673076923
0.6687199519230769
0.6726262019230769
0.6602313701923077
0.6656400240384616
0.6686448317307693
0.6583533653846154
0.6681941105769231
0.6659405048076923
0.6709735576923077
0.6672175480769231
0.6642127403846154
0.6711989182692307
0.6677433894230769
0.662109375
0.6658653846153846
0.6643629807692307
0.6636868990384616
0.6604567307692307
0.6647385817307693
0.6700721153846154
0.6612079326923077
0.6681941105769231
0.6623347355769231
0.6649639423076923
0.6588792067307693
0.6609825721153846
0.6650390625
0.6627854567307693
0.6658653846153846
0.6593299278846154
0.6653395432692307
0.6639873798076923
0.6655649038461539
0.6702223557692307
0.6611328125
0.6681941105769231
0.6653395432692307
0.666015625
0.6643629807692307
0.6616586538461539
0.6620342548076923
0.6621844951923077
0.6570763221153846
0.6600811298076923
0.6618840144230769
0.6608323317307693
0.6667668269230769
0.6622596153846154
0.6613581730769231
0.6670673076923077
0.6564753605769231
0.6571514423076923
0.6564753605769231
0.6585036057692307
0.6600811298076923
0.6612830528846154
0.6553485576923077
0.6588040865384616
0.6604567307692307
0.6615835336538461
0.6558743990384616
0.6620342548076923
0.6588792067307693
0.6624849759615384
0.6564753605769231
0.6570763221153846
0.6564002403846154
0.6518179086538461
0.6539963942307693
0.6478365384615384
0.6470853365384616
0.6514423076923077
0.6592548076923077
0.6538461538461539
0.658203125
0.6514423076923077
0.6551983173076923
0.6541466346153846
0.6629356971153846
0.6615084134615384
0.6616586538461539
0.6581280048076923
0.6591796875
0.6598557692307693
0.6602313701923077
0.6553485576923077
0.6576021634615384
0.6606069711538461
0.6618840144230769
0.6505408653846154
0.6610576923076923
0.6513671875
0.6514423076923077
0.65625
0.6599308894230769
0.6547475961538461
0.6548227163461539
0.6507662259615384
0.6524188701923077
0.6525691105769231
0.6533203125
0.6588792067307693
0.6521183894230769
0.6518179086538461
0.6630108173076923
0.6547475961538461
0.6530198317307693
0.6490384615384616
0.6511418269230769
0.6486628605769231
0.6491135817307693
0.6568509615384616
0.6508413461538461
0.6440805288461539
0.6536207932692307
0.6550480769230769
0.6530198317307693
0.6476111778846154
0.6499399038461539
0.6534705528846154
0.6501652644230769
0.6499399038461539
0.6515174278846154
0.6494140625
0.6498647836538461
0.6560246394230769
0.6493389423076923
0.6468599759615384
0.6452073317307693
0.6541466346153846
0.6502403846153846
0.6488882211538461
0.6487379807692307
0.6467848557692307
0.6515174278846154
0.6416015625
0.6402493990384616
0.6443058894230769
0.6444561298076923
0.6419020432692307
0.6446063701923077
0.6458082932692307
0.6433293269230769
0.6414513221153846
0.6360426682692307
0.6410757211538461
0.6351412259615384
0.6385967548076923
0.640625
0.6389723557692307
0.63671875
0.6400240384615384
0.6431790865384616
0.6449819711538461
0.6426532451923077
0.6414513221153846
0.6439302884615384
0.6442307692307693
0.6369441105769231
0.6400240384615384
0.6395733173076923
0.6409254807692307
0.6414513221153846
0.6433293269230769
0.6369441105769231
0.6319861778846154
0.6400240384615384
0.6390474759615384
0.6361177884615384
0.642578125
0.6464092548076923
0.6451322115384616
0.6465594951923077
0.6399489182692307
0.6385216346153846
0.6382211538461539
0.6396484375
0.6435546875
0.6380709134615384
0.6381460336538461
0.6375450721153846
0.6373948317307693
0.6297325721153846
0.6331129807692307
0.6380709134615384
0.6403996394230769
0.6364182692307693
0.6340144230769231
0.6356670673076923
0.6387469951923077
0.6404747596153846
0.6322866586538461
0.6385216346153846
0.6362680288461539
0.6372445913461539
0.6390474759615384
0.6418269230769231
0.6344651442307693
0.6385216346153846
0.6391977163461539
0.6352914663461539
0.6309344951923077
0.6321364182692307
0.6265775240384616
0.6273287259615384
0.6277794471153846
0.6355168269230769
0.6331881009615384
0.6288311298076923
0.6355168269230769
0.6322115384615384
0.6319110576923077
0.6331881009615384
0.6325120192307693
0.6381460336538461
0.6323617788461539
0.6306340144230769
0.6363431490384616
0.6355168269230769
0.6369441105769231
0.6349909855769231
0.6374699519230769
0.6350661057692307
0.6341646634615384
0.6356670673076923
0.6345402644230769
0.6355919471153846
0.6327373798076923
0.6394981971153846
0.6391977163461539
0.6358924278846154
0.6324368990384616
0.6271033653846154
0.6349909855769231
0.6322115384615384
0.6304086538461539
0.6284555288461539
0.6319110576923077
0.6322115384615384
0.6296574519230769
0.6321364182692307
0.6310096153846154
0.6341646634615384
0.6423527644230769
0.6331881009615384
0.6296574519230769
0.6376953125
0.6356670673076923
0.6382962740384616
0.6358173076923077
0.6357421875
0.6312349759615384
0.6309344951923077
0.6325871394230769
0.6315354567307693
0.6228966346153846
0.6331129807692307
0.6323617788461539
0.6339393028846154
0.6310096153846154
0.6302584134615384
0.6303335336538461
0.626953125
0.6275540865384616
0.6334134615384616
0.6277043269230769
0.6284555288461539
0.6313852163461539
0.6317608173076923
0.6300330528846154
0.6333383413461539
0.6294320913461539
0.6328125
0.6387469951923077
0.6376953125
0.6337890625
0.6292067307692307
0.62890625
0.6326622596153846
0.6297325721153846
0.6325120192307693
0.626953125
0.6335637019230769
0.626953125
0.6302584134615384
0.6260516826923077
0.6262770432692307
0.6331881009615384
0.6306340144230769
0.6339393028846154
0.6314603365384616
0.6316856971153846
0.6319110576923077
0.6301832932692307
0.6328125
0.6319861778846154
0.6367938701923077
0.6252253605769231
0.625
0.6327373798076923
0.6255258413461539
0.6286057692307693
0.6333383413461539
0.6299579326923077
0.6344651442307693
0.6268780048076923
0.6362680288461539
0.6341646634615384
0.6340144230769231
0.6268780048076923
0.6286808894230769
0.6271784855769231
0.6267277644230769
0.6317608173076923
0.6240234375
0.6284555288461539
0.6271784855769231
0.6293569711538461
0.6312349759615384
0.6294320913461539
0.6253004807692307
0.6239483173076923
0.6297325721153846
0.6298828125
0.6271033653846154
0.6274038461538461
0.6231219951923077
0.6228215144230769
0.6264272836538461
0.6352914663461539
0.6259765625
0.6266526442307693
0.6295823317307693
0.6231971153846154
0.6240234375
0.6252253605769231
0.6216195913461539
0.6186899038461539
0.6243990384615384
0.6276292067307693
0.6209435096153846
0.6295823317307693
0.6274038461538461
0.6285306490384616
0.6293569711538461
0.6200420673076923
0.623046875
0.6225210336538461
0.6216947115384616
0.6295072115384616
0.6277043269230769
0.6287560096153846
0.6281550480769231
0.6326622596153846
0.6225961538461539
0.6274789663461539
0.6287560096153846
0.6256009615384616
0.6201923076923077
0.6188401442307693
0.6217698317307693
0.6217698317307693
0.6255258413461539
0.6295072115384616
0.6214693509615384
0.6241736778846154
0.6225961538461539
0.6303335336538461
0.6277794471153846
0.6231219951923077
0.6240234375
0.6254507211538461
0.6240985576923077
0.6222205528846154
0.6259765625
0.6240985576923077
0.6279296875
0.6235727163461539
0.6251502403846154
0.6176382211538461
0.6171875
0.6252253605769231
0.6251502403846154
0.6283804086538461
0.625
0.6207181490384616
0.6185396634615384
0.6233473557692307
0.6276292067307693
0.6282301682692307
0.6206430288461539
0.6257512019230769
0.6257512019230769
0.6222205528846154
0.6303335336538461
0.6277043269230769
0.6221454326923077
0.6182391826923077
0.6237229567307693
0.6213942307692307
0.6227463942307693
0.626953125
0.6200420673076923
0.6196664663461539
0.6223707932692307
0.6159104567307693
0.6237229567307693
0.6136568509615384
0.6211688701923077
0.6300330528846154
0.6200420673076923
0.6161358173076923
0.6227463942307693
0.6176382211538461
0.6177884615384616
0.6286808894230769
0.6251502403846154
0.62109375
0.6251502403846154
0.6181640625
0.6208683894230769
0.6243239182692307
0.6303335336538461
0.6227463942307693
0.6222205528846154
0.6222205528846154
0.6115534855769231
0.6260516826923077
0.6189903846153846
0.6198918269230769
0.6271033653846154
0.6168118990384616
0.6220703125
0.6186147836538461
0.6234224759615384
0.6173377403846154
0.6205679086538461
0.6222205528846154
0.619140625
0.6248497596153846
0.6292818509615384
0.6243990384615384
0.6276292067307693
0.6125300480769231
0.6195913461538461
0.6198167067307693
0.6159104567307693
0.6171875
0.6166616586538461
0.6179387019230769
0.6183143028846154
0.6194411057692307
0.6156099759615384
0.6188401442307693
0.6201171875
0.615234375
0.6279296875
0.6183894230769231
0.6237980769230769
0.6190655048076923
0.6234224759615384
0.6247746394230769
0.6188401442307693
0.6206430288461539
0.6171875
0.615234375
0.6221454326923077
0.6243239182692307
0.6203425480769231
0.6193659855769231
0.6245492788461539
0.6232722355769231
0.6233473557692307
0.6141075721153846
0.6127554086538461
0.6155348557692307
0.6187650240384616
0.6139573317307693
0.6225961538461539
0.6202674278846154
0.6155348557692307
0.6157602163461539
0.619140625
0.6267277644230769
0.619140625
0.6129056490384616
0.6164362980769231
0.6231219951923077
0.6195913461538461
0.6183894230769231
0.6216195913461539
0.6196664663461539
0.6240985576923077
0.6239483173076923
0.623046875
0.6211688701923077
0.6167367788461539
0.6138070913461539
0.6163611778846154
0.6219951923076923
0.6188401442307693
0.6135817307692307
0.6147085336538461
0.6153846153846154
0.6203425480769231
0.6169621394230769
0.6181640625
0.6200420673076923
0.6106520432692307
0.6148587740384616
0.6144080528846154
0.6115534855769231
0.6198918269230769
0.6141075721153846
0.6135066105769231
0.6168118990384616
0.6204176682692307
0.6190655048076923
0.6162860576923077
0.6192157451923077
0.6213942307692307
0.6187650240384616
0.6217698317307693
0.6234224759615384
0.6212439903846154
0.6135817307692307
0.6120793269230769
0.6119290865384616
0.6108022836538461
0.6207181490384616
0.6105769230769231
0.6151592548076923
0.6125300480769231
0.6156099759615384
0.6174879807692307
0.6103515625
0.6173377403846154
0.6128305288461539
0.6205679086538461
0.6198167067307693
0.6184645432692307
0.6102764423076923
0.615234375
0.6240234375
0.6199669471153846
0.6149338942307693
0.6171123798076923
0.6129056490384616
0.6136568509615384
0.6165114182692307
0.6162860576923077
0.6114783653846154
0.6121544471153846
0.6118539663461539
0.6086237980769231
0.6105018028846154
0.6130558894230769
0.6146334134615384
0.6115534855769231
0.6126802884615384
0.6094501201923077
0.6120793269230769
0.6180138221153846
0.6185396634615384
0.6167367788461539
0.6156099759615384
0.6139573317307693
0.6102764423076923
0.6157602163461539
0.6176382211538461
0.6177133413461539
0.6120793269230769
0.6174128605769231
0.6122295673076923
0.6120042067307693
0.6125300480769231
0.6110276442307693
0.6100510817307693
0.6154597355769231
0.6137319711538461
0.6231219951923077
0.6160606971153846
0.6115534855769231
0.6073467548076923
0.6128305288461539
0.6123798076923077
0.6094501201923077
0.6114783653846154
0.6114032451923077
0.6161358173076923
0.6189152644230769
0.6159104567307693
0.6103515625
0.6112530048076923
0.6133563701923077
0.6183894230769231
0.6172626201923077
0.6121544471153846
0.6083984375
0.6156850961538461
0.6105018028846154
0.6100510817307693
0.6117037259615384
0.6151592548076923
0.6149338942307693
0.6148587740384616
0.6038161057692307
0.6116286057692307
0.6149338942307693
0.6147836538461539
0.5986328125
0.611328125
0.6083984375
0.6044921875
0.6083984375
0.611328125
0.6071213942307693
0.6094501201923077
0.6151592548076923
0.6153094951923077
0.6180138221153846
0.6074969951923077
0.6041165865384616
0.6138822115384616
0.6109525240384616
0.6123798076923077
0.6123046875
0.6139573317307693
0.6156099759615384
0.6141075721153846
0.6172626201923077
0.6135066105769231
0.6099008413461539
0.6162109375
0.6078725961538461
0.6065955528846154
0.6153094951923077
0.6063701923076923
0.6116286057692307
0.6114032451923077
0.6102013221153846
0.6068960336538461
0.6073467548076923
0.6127554086538461
0.6141826923076923
0.6088491586538461
0.6128305288461539
0.6127554086538461
0.611328125
0.6102764423076923
0.6077223557692307
0.6124549278846154
0.6042668269230769
0.6075721153846154
0.6077223557692307
0.6122295673076923
0.6117788461538461
0.6162860576923077
0.6037409855769231
0.6098257211538461
0.6088491586538461
0.6075721153846154
0.6140324519230769
0.6083233173076923
0.6046424278846154
0.6117037259615384
0.6089993990384616
0.6124549278846154
0.6117037259615384
0.6111778846153846
0.6068209134615384
0.6100510817307693
0.6068960336538461
0.6085486778846154
0.6085486778846154
0.6138822115384616
0.6097506009615384
0.6120793269230769
0.6109525240384616
0.6056189903846154
0.6079477163461539
0.6123046875
0.6121544471153846
0.6067457932692307
0.6149338942307693
0.6089993990384616
0.6147836538461539
0.6096003605769231
0.6090745192307693
