0.6905110677083334
0.6725260416666666
0.6670735677083334
0.669189453125
0.6683756510416666
0.6698404947916666
0.6722005208333334
0.67041015625
0.667236328125
0.669189453125
0.6695149739583334
0.6634928385416666
0.6650390625
0.66259765625
0.6638997395833334
0.66650390625
0.6709798177083334
0.6642252604166666
0.6728515625
0.6648763020833334
0.660888671875
0.6627604166666666
0.663818359375
0.669921875
0.6617024739583334
0.6690266927083334
0.6646321614583334
0.6619466145833334
0.6630859375
0.665771484375
0.675048828125
0.6758626302083334
0.6675618489583334
0.668212890625
0.6671549479166666
0.6685384114583334
0.665283203125
0.6669921875
0.6685384114583334
0.6651204427083334
0.6659342447916666
0.6675618489583334
0.6653645833333334
0.6631673177083334
0.6643880208333334
0.6675618489583334
0.6703287760416666
0.668212890625
0.67041015625
0.6773274739583334
0.6676432291666666
0.666259765625
0.669677734375
0.6627604166666666
0.6642252604166666
0.670166015625
0.6647135416666666
0.669189453125
0.669677734375
0.668701171875
0.6678873697916666
0.6621907552083334
0.669677734375
0.6722819010416666
0.6647135416666666
0.665283203125
0.6732584635416666
0.6685384114583334
0.666259765625
0.6615397135416666
0.66552734375
0.6685384114583334
0.6735026041666666
0.666015625
0.6775716145833334
0.669189453125
0.6693522135416666
0.6673177083333334
0.6713053385416666
0.6689453125
0.669677734375
0.6739095052083334
0.668212890625
0.672119140625
0.6717122395833334
0.6712239583333334
0.6735026041666666
0.6743977864583334
0.6783040364583334
0.673095703125
0.6649576822916666
0.6698404947916666
0.6647135416666666
0.66845703125
0.673828125
0.6685384114583334
0.6742350260416666
0.6682942708333334
0.6714680989583334
0.6714680989583334
0.6685384114583334
0.6737467447916666
0.6698404947916666
0.6748860677083334
0.6704915364583334
0.6722005208333334
0.6664225260416666
0.6705729166666666
0.67138671875
0.6741536458333334
0.6734212239583334
0.6824544270833334
0.6713053385416666
0.6722819010416666
0.6732584635416666
0.6720377604166666
0.6748046875
0.6713053385416666
0.6770833333333334
0.6698404947916666
0.67822265625
0.6780598958333334
0.6708170572916666
0.6708984375
0.6710611979166666
0.6756184895833334
0.6680501302083334
0.6704915364583334
0.672607421875
0.672119140625
0.66943359375
0.6656901041666666
0.671142578125
0.6708984375
0.6669921875
0.6665852864583334
0.673095703125
0.6727701822916666
0.6734212239583334
0.674072265625
0.671875
0.67578125
0.6744791666666666
0.675537109375
0.6742350260416666
0.6690266927083334
0.6763509114583334
0.669677734375
0.6802571614583334
0.6775716145833334
0.6731770833333334
0.6819661458333334
0.6680501302083334
0.6726888020833334
0.66650390625
0.6756998697916666
0.6722819010416666
0.6753743489583334
0.6714680989583334
0.678466796875
0.6748860677083334
0.6717122395833334
0.6774088541666666
0.67236328125
0.6756998697916666
0.6724446614583334
0.67578125
0.6742350260416666
0.6715494791666666
0.6761881510416666
0.6761881510416666
0.6712239583333334
0.682861328125
0.6803385416666666
0.6773274739583334
0.6764322916666666
0.6681315104166666
0.6725260416666666
0.6766764322916666
0.6786295572916666
0.673583984375
0.675537109375
0.6775716145833334
0.6820475260416666
0.6834309895833334
0.6781412760416666
0.6802571614583334
0.67626953125
0.67529296875
0.6744791666666666
0.6737467447916666
0.6731770833333334
0.6792805989583334
0.6752115885416666
0.68017578125
0.6786295572916666
0.6824544270833334
0.6761067708333334
0.68212890625
0.6824544270833334
0.6873372395833334
0.681884765625
0.6783854166666666
0.6800944010416666
0.685546875
0.6868489583333334
0.6875813802083334
0.6822916666666666
0.6788736979166666
0.6786295572916666
0.676513671875
0.6756998697916666
0.6763509114583334
0.682373046875
0.6761067708333334
0.680908203125
0.6778971354166666
0.683837890625
0.6842447916666666
0.6806640625
0.6793619791666666
0.6884765625
0.6769205729166666
0.6768391927083334
0.677734375
0.675048828125
0.690673828125
0.6742350260416666
0.684814453125
0.6810709635416666
0.6803385416666666
0.6787109375
0.6798502604166666
0.6807454427083334
0.6739095052083334
0.677490234375
0.6795247395833334
0.6795247395833334
0.6810709635416666
0.6793619791666666
0.6829427083333334
0.6842447916666666
0.6803385416666666
0.6846516927083334
0.68310546875
0.6766764322916666
0.6890462239583334
0.6761067708333334
0.6880696614583334
0.6741536458333334
0.6776529947916666
0.6788736979166666
0.6770833333333334
0.6814778645833334
0.6863606770833334
0.684814453125
0.6806640625
0.6796875
0.6810709635416666
0.6775716145833334
0.6897786458333334
0.6820475260416666
0.681884765625
0.683837890625
0.6809895833333334
0.6763509114583334
0.679931640625
0.6798502604166666
0.6826171875
0.6844075520833334
0.6827799479166666
0.6795247395833334
0.6822916666666666
0.6800944010416666
0.68212890625
0.6861165364583334
0.6853841145833334
0.6866861979166666
0.684814453125
0.6824544270833334
0.6846516927083334
0.6832682291666666
0.6861979166666666
0.68310546875
0.6783854166666666
0.68310546875
0.6853841145833334
0.6915690104166666
0.6897786458333334
0.6802571614583334
0.685302734375
0.6773274739583334
0.680908203125
0.68017578125
0.6891276041666666
0.68896484375
0.6852213541666666
0.6879069010416666
0.685546875
0.6856282552083334
0.686767578125
0.687744140625
0.6896158854166666
0.6824544270833334
0.6827799479166666
0.6802571614583334
0.68212890625
0.6883951822916666
0.6853841145833334
0.6840006510416666
0.6829427083333334
0.689453125
0.6883138020833334
0.6856282552083334
0.68408203125
0.6919759114583334
0.67919921875
0.6858723958333334
0.6897786458333334
0.69091796875
0.6856282552083334
0.684814453125
0.685791015625
0.6834309895833334
0.6880696614583334
0.6866861979166666
0.6812337239583334
0.6835123697916666
0.6920572916666666
0.6854654947916666
0.6844889322916666
0.6875813802083334
0.6944986979166666
0.688720703125
0.6881510416666666
0.6803385416666666
0.6870930989583334
0.6925455729166666
0.6891276041666666
0.6919759114583334
0.6842447916666666
0.6905110677083334
0.688720703125
0.6822102864583334
0.681884765625
0.6812337239583334
0.6909993489583334
0.6923014322916666
0.6896158854166666
0.6891276041666666
0.68798828125
0.6952311197916666
0.699462890625
0.6943359375
0.6912434895833334
0.6909993489583334
0.6930338541666666
0.6909993489583334
0.69189453125
0.690185546875
0.6870930989583334
0.690185546875
0.69189453125
0.69091796875
0.6922200520833334
0.6900227864583334
0.6975911458333334
0.6856282552083334
0.686767578125
0.6873372395833334
0.6883138020833334
0.6891276041666666
0.6898600260416666
0.6869303385416666
0.695068359375
0.6971028645833334
0.6869303385416666
0.6909993489583334
0.68798828125
0.6962076822916666
0.688232421875
0.69482421875
0.695556640625
0.6961263020833334
0.6944986979166666
0.6957194010416666
0.6890462239583334
0.6832682291666666
0.6873372395833334
0.6878255208333334
0.6954752604166666
0.69091796875
0.6875
0.6884765625
0.6904296875
0.6923014322916666
0.6946614583333334
0.6964518229166666
0.68212890625
0.695068359375
0.6943359375
0.689208984375
0.6918131510416666
0.6920572916666666
0.6929524739583334
0.69384765625
0.6958821614583334
0.6915690104166666
0.6909993489583334
0.6892903645833334
0.69580078125
0.6919759114583334
0.6925455729166666
0.6924641927083334
0.6883138020833334
0.6942545572916666
0.6903483072916666
0.7017415364583334
0.6986490885416666
0.6954752604166666
0.6935221354166666
0.6966959635416666
0.695556640625
0.6958821614583334
0.7032877604166666
0.6953938802083334
0.6909993489583334
0.6890462239583334
0.6983235677083334
0.6996256510416666
0.6910807291666666
0.696044921875
0.6990559895833334
0.7018229166666666
0.7012532552083334
0.693115234375
0.7001139322916666
0.7013346354166666
0.6971028645833334
0.6988932291666666
0.6966145833333334
0.695556640625
0.6869303385416666
0.6907552083333334
0.7003580729166666
0.6908365885416666
0.6984049479166666
0.6929524739583334
0.702392578125
0.69091796875
0.6946614583333334
0.6969401041666666
0.6980794270833334
0.6969401041666666
0.6929524739583334
0.6993815104166666
0.6974283854166666
0.6954752604166666
0.6978352864583334
0.698486328125
0.6966959635416666
0.703125
0.704833984375
0.70068359375
0.7010904947916666
0.6949869791666666
0.7013346354166666
0.69970703125
0.6958821614583334
0.6983235677083334
0.69873046875
0.6985677083333334
0.6943359375
0.702880859375
0.69482421875
0.6975911458333334
0.7020670572916666
0.7076822916666666
0.7067057291666666
0.7035319010416666
0.7073567708333334
0.708740234375
0.7051595052083334
0.6996256510416666
0.701171875
0.7035319010416666
0.7017415364583334
0.7023111979166666
0.7044270833333334
0.703857421875
0.7068684895833334
0.7119954427083334
0.7061360677083334
0.6981608072916666
0.6976725260416666
0.7076009114583334
0.7041829427083334
0.7054036458333334
0.70263671875
0.699951171875
0.6993815104166666
0.7061360677083334
0.70458984375
0.693359375
0.7010904947916666
0.70654296875
0.7032063802083334
0.7045084635416666
0.6956380208333334
0.7047526041666666
0.6979166666666666
0.7080891927083334
0.7008463541666666
0.7002766927083334
0.7041015625
0.702392578125
0.7059733072916666
0.702392578125
0.7054850260416666
0.7069498697916666
0.7049967447916666
0.7027180989583334
0.70703125
0.7010904947916666
0.69921875
0.7083333333333334
0.7078450520833334
0.7110188802083334
0.7124837239583334
0.7115071614583334
0.7069498697916666
0.7074381510416666
0.712158203125
0.706787109375
0.701416015625
0.71044921875
0.7080891927083334
0.71240234375
0.7076822916666666
0.707275390625
0.7042643229166666
0.70947265625
0.711181640625
0.7181803385416666
0.7213541666666666
0.705810546875
0.70703125
0.7130533854166666
0.7103678385416666
0.705322265625
0.7128092447916666
0.713134765625
0.7063802083333334
0.7078450520833334
0.7001953125
0.707275390625
0.7054036458333334
0.7122395833333334
0.7157389322916666
0.71142578125
0.71142578125
0.7134602864583334
0.7186686197916666
0.7119140625
0.70556640625
0.7047526041666666
0.7001953125
0.706787109375
0.7097981770833334
0.71337890625
0.7105305989583334
0.71240234375
0.71826171875
0.7176106770833334
0.7103678385416666
0.7108561197916666
0.709716796875
0.7125651041666666
0.7146809895833334
0.714599609375
0.7147623697916666
0.7141927083333334
0.7117513020833334
0.7123209635416666
0.7096354166666666
0.71337890625
0.7115071614583334
0.7149251302083334
0.7184244791666666
0.711669921875
0.712890625
0.7189127604166666
0.7105305989583334
0.7086588541666666
0.7127278645833334
0.7080891927083334
0.7110188802083334
0.709228515625
0.7080891927083334
0.7096354166666666
0.7179361979166666
0.7159830729166666
0.7154134114583334
0.711669921875
0.7119954427083334
0.7113444010416666
0.709716796875
0.7081705729166666
0.7157389322916666
0.7164713541666666
0.7127278645833334
0.7130533854166666
0.7158203125
0.717529296875
0.717041015625
0.721435546875
0.70849609375
0.7115071614583334
0.7100423177083334
0.7150065104166666
0.7220052083333334
0.7215983072916666
0.715576171875
0.7149251302083334
0.7198893229166666
0.717041015625
0.714111328125
0.7134602864583334
0.7151692708333334
0.70849609375
0.7159830729166666
0.7193196614583334
0.7174479166666666
0.7259114583333334
0.726318359375
0.7251790364583334
0.7234700520833334
0.7216796875
0.7198079427083334
0.7252604166666666
0.7315266927083334
0.7230631510416666
0.7210286458333334
0.7295735677083334
0.7329915364583334
0.7323404947916666
0.732421875
0.735595703125
0.7283528645833334
0.7312825520833334
0.7267252604166666
0.7234700520833334
0.724609375
0.7218424479166666
0.7290852864583334
0.7312825520833334
0.7259114583333334
0.728759765625
0.7351888020833334
0.7317708333333334
0.7306315104166666
0.734375
0.729736328125
0.7262369791666666
0.7313639322916666
0.73095703125
0.7303873697916666
0.725830078125
0.729736328125
0.7342936197916666
0.736083984375
0.73291015625
0.7333170572916666
0.72998046875
0.73046875
0.73291015625
0.7305501302083334
0.73046875
0.7294921875
0.732666015625
0.7367350260416666
0.7342122395833334
0.7320963541666666
0.7354329427083334
0.7342122395833334
0.7285970052083334
0.733154296875
0.7386881510416666
0.7266438802083334
0.7284342447916666
0.7275390625
0.7267252604166666
0.7218424479166666
0.7311197916666666
0.7384440104166666
0.7306315104166666
0.7393391927083334
0.7327473958333334
0.7400716145833334
0.7438151041666666
0.7413736979166666
0.739013671875
0.7447102864583334
0.7384440104166666
0.7400716145833334
0.7428385416666666
0.7467447916666666
0.7421875
0.747802734375
0.7451985677083334
0.7506510416666666
0.74267578125
0.7449544270833334
0.7440592447916666
0.7415364583333334
0.7377115885416666
0.73583984375
0.742919921875
0.736572265625
0.7425944010416666
0.7451985677083334
0.74267578125
0.7440592447916666
0.7484537760416666
0.750244140625
0.75390625
0.7586263020833334
0.7593587239583334
0.7535807291666666
0.7477213541666666
0.7520345052083334
0.75390625
0.7537434895833334
0.7490234375
0.7526041666666666
0.7577311197916666
0.7533365885416666
0.76318359375
0.760009765625
0.7557779947916666
0.7659505208333334
0.76416015625
0.763916015625
0.7731119791666666
0.7745768229166666
0.770263671875
0.7681477864583334
0.77197265625
0.7679850260416666
0.7726236979166666
0.7686360677083334
0.7709147135416666
0.76806640625
0.7699381510416666
0.7689615885416666
0.7681477864583334
0.767333984375
0.7696940104166666
0.7708333333333334
0.7740885416666666
0.76904296875
0.7711588541666666
0.7716471354166666
0.766845703125
0.77197265625
0.77685546875
0.7803548177083334
0.7772623697916666
0.7775065104166666
0.785888671875
0.7876790364583334
0.7808430989583334
0.7877604166666666
0.7852376302083334
0.786376953125
0.78466796875
0.7888997395833334
0.7870279947916666
0.7838541666666666
0.7880045572916666
0.7897135416666666
0.787841796875
0.791748046875
0.7928873697916666
0.7925618489583334
0.7871907552083334
0.7841796875
0.7887369791666666
0.7901204427083334
0.794677734375
0.792724609375
0.7932942708333334
0.791259765625
0.78662109375
0.7926432291666666
0.7904459635416666
0.79736328125
0.7987467447916666
0.800048828125
0.7980143229166666
0.7977701822916666
0.8014322916666666
0.795166015625
0.8009440104166666
0.7954915364583334
0.798583984375
0.800537109375
0.79833984375
0.806884765625
0.8002115885416666
0.80322265625
0.799560546875
0.8019205729166666
0.8019205729166666
0.8011067708333334
0.7976888020833334
0.8056640625
0.8065592447916666
0.80810546875
0.8125
0.8094889322916666
0.813720703125
0.8182779947916666
0.8180338541666666
0.818115234375
0.8190104166666666
0.8148600260416666
0.815673828125
0.8142903645833334
0.8174641927083334
0.8207194010416666
0.8223470052083334
0.818115234375
0.8211263020833334
0.8260904947916666
0.8273111979166666
0.8250325520833334
0.8216145833333334
0.8256022135416666
0.829345703125
0.826171875
0.8277180989583334
0.8251953125
0.8224283854166666
0.82568359375
0.8304036458333334
0.8287760416666666
0.8268229166666666
0.8296712239583334
0.8340657552083334
0.83837890625
0.843017578125
0.8401692708333334
0.8447265625
0.8413899739583334
0.8387858072916666
0.8424479166666666
0.8411458333333334
0.8439127604166666
0.8460286458333334
0.8461100260416666
0.8461100260416666
0.8433430989583334
0.8450520833333334
0.844482421875
0.84375
0.8492024739583334
0.857177734375
0.8538411458333334
0.853271484375
0.8548177083333334
0.85205078125
0.85302734375
0.85107421875
0.8533528645833334
0.85595703125
0.8557942708333334
0.857177734375
0.8583170572916666
0.8568522135416666
0.8573404947916666
0.85986328125
0.861328125
0.8588053385416666
0.85791015625
0.8582356770833334
0.8563639322916666
0.85498046875
0.8594563802083334
0.8584798177083334
0.85986328125
0.860107421875
0.8634440104166666
0.8656412760416666
0.8610026041666666
0.863525390625
0.863037109375
0.8631998697916666
0.8651529947916666
0.8682454427083334
0.8690592447916666
0.868896484375
0.8655598958333334
0.8624674479166666
0.865234375
0.8660481770833334
0.866455078125
0.8705240885416666
0.8711751302083334
0.8706868489583334
0.8684895833333334
0.87255859375
0.8711751302083334
0.8692220052083334
0.8756510416666666
0.87255859375
0.875732421875
0.876953125
0.8745930989583334
0.8731282552083334
0.8744303385416666
0.8754069010416666
0.8748372395833334
0.8743489583333334
0.875732421875
0.8748372395833334
0.87255859375
0.87646484375
0.8783365885416666
0.880126953125
0.8758138020833334
0.8766276041666666
0.8768717447916666
0.8758951822916666
0.875
0.8763834635416666
0.876953125
0.8826497395833334
0.8819986979166666
0.879638671875
0.8818359375
0.8804524739583334
0.8802897135416666
0.8824055989583334
0.886962890625
0.8858235677083334
0.8910319010416666
0.8904622395833334
0.8896484375
0.889404296875
0.891845703125
0.8880208333333334
0.8883463541666666
0.8882649739583334
0.8887532552083334
0.8905436197916666
0.8916015625
0.890380859375
0.8900553385416666
0.8905436197916666
0.890869140625
0.8985188802083334
0.8939615885416666
0.8920084635416666
0.8927408854166666
0.8900553385416666
0.8911946614583334
0.89404296875
0.895263671875
0.8946940104166666
0.8951822916666666
0.8982747395833334
0.8973795572916666
0.895263671875
0.8970540364583334
0.8988444010416666
0.8975423177083334
0.8981119791666666
0.897216796875
0.898193359375
0.89794921875
0.89697265625
0.9015299479166666
0.9039713541666666
0.901611328125
0.9007975260416666
0.900146484375
0.9026692708333334
0.8995768229166666
0.9005533854166666
0.9004720052083334
0.9021809895833334
0.9016927083333334
0.9016927083333334
0.9029947916666666
0.9042154947916666
0.9020182291666666
0.9052734375
0.9065755208333334
0.905029296875
0.904541015625
