0.904541015625
0.9049479166666666
0.9049479166666666
0.90576171875
0.9051920572916666
0.9041341145833334
0.9063313802083334
0.9081217447916666
0.90869140625
0.9082845052083334
0.9092610677083334
0.9090169270833334
0.903564453125
0.9038899739583334
0.9049479166666666
0.905029296875
0.9054361979166666
0.9049479166666666
0.9026692708333334
0.9038899739583334
0.90478515625
0.904296875
0.90576171875
0.9068196614583334
0.904541015625
0.9053548177083334
0.9044596354166666
0.9063313802083334
0.9063313802083334
0.9103190104166666
0.906982421875
0.90576171875
0.908203125
0.9093424479166666
0.9104817708333334
0.907470703125
0.90771484375
0.9058430989583334
0.9053548177083334
0.9066569010416666
0.9088541666666666
0.9058430989583334
0.908935546875
0.9100748697916666
0.9075520833333334
0.905517578125
0.9095052083333334
0.9078776041666666
0.9058430989583334
0.9065755208333334
0.9090983072916666
0.9055989583333334
0.9083658854166666
0.9100748697916666
0.91259765625
0.9091796875
0.9088541666666666
0.9078776041666666
0.9095865885416666
0.9078776041666666
0.9081217447916666
0.9048665364583334
0.9104817708333334
0.906494140625
0.9088541666666666
0.907470703125
0.9072265625
0.9061686197916666
0.906005859375
0.9091796875
0.9112141927083334
0.9098307291666666
0.9078776041666666
0.908935546875
0.9102376302083334
0.9107259114583334
0.9090983072916666
0.9132486979166666
0.912841796875
0.9111328125
0.9115397135416666
0.9098307291666666
0.9092610677083334
0.9090169270833334
0.90869140625
0.9093424479166666
0.9092610677083334
0.908935546875
0.907958984375
0.9029134114583334
0.9078776041666666
0.9087727864583334
0.9066569010416666
0.9107259114583334
0.9143880208333334
0.9120279947916666
0.911376953125
0.911865234375
0.9112955729166666
0.9093424479166666
0.9122721354166666
0.9093424479166666
0.9099934895833334
0.907958984375
0.9086100260416666
0.9115397135416666
0.9107259114583334
0.90966796875
0.9070638020833334
0.9060872395833334
0.911865234375
0.9122721354166666
0.912353515625
0.9117838541666666
0.9129231770833334
0.910888671875
0.91259765625
0.9131673177083334
0.9125162760416666
0.9119466145833334
0.9110514322916666
0.9095052083333334
0.9093424479166666
0.9102376302083334
0.912841796875
0.912353515625
0.9108072916666666
0.911376953125
0.9115397135416666
0.913330078125
0.910400390625
0.9104817708333334
0.9105631510416666
0.9137369791666666
0.9087727864583334
0.9112955729166666
0.9083658854166666
0.9095865885416666
0.9110514322916666
0.9146321614583334
0.9129231770833334
0.9114583333333334
0.91552734375
0.9178873697916666
0.915283203125
0.91357421875
0.9127604166666666
0.9082845052083334
0.911376953125
0.9126790364583334
0.9134928385416666
0.9124348958333334
0.912841796875
0.9136555989583334
0.9131673177083334
0.9204915364583334
0.91650390625
0.9138997395833334
0.914306640625
0.9160970052083334
0.9152018229166666
0.9136555989583334
0.9140625
0.9143880208333334
0.9171549479166666
0.9163411458333334
0.9169921875
0.9171549479166666
0.9121907552083334
0.9126790364583334
0.916259765625
0.9160970052083334
0.9178873697916666
0.9129231770833334
0.9144694010416666
0.9154459635416666
0.9146321614583334
0.9148763020833334
0.9152018229166666
0.91845703125
0.9169108072916666
0.91552734375
0.9189453125
0.9178059895833334
0.91796875
0.9143880208333334
0.9147135416666666
0.91357421875
0.9169108072916666
0.91552734375
0.9154459635416666
0.9171549479166666
0.9160970052083334
0.9151204427083334
0.916748046875
0.91552734375
0.915283203125
0.9153645833333334
0.9129231770833334
0.913330078125
0.9169921875
0.9130859375
0.9130859375
0.9137369791666666
0.9139811197916666
0.914794921875
0.9142252604166666
0.9134928385416666
0.9143880208333334
0.9114583333333334
0.9109700520833334
0.9131673177083334
0.9117024739583334
0.9140625
0.9125162760416666
0.9117024739583334
0.9112141927083334
0.914306640625
0.914306640625
0.9152018229166666
0.9152018229166666
0.9122721354166666
0.912353515625
0.9186197916666666
0.9159342447916666
0.91455078125
0.91259765625
0.915771484375
0.9169108072916666
0.91552734375
0.9168294270833334
0.9165852864583334
0.9175618489583334
0.9141438802083334
0.9137369791666666
0.912841796875
0.913818359375
0.915771484375
0.9152018229166666
0.913818359375
0.915283203125
0.9141438802083334
0.91162109375
0.9158528645833334
0.9180501302083334
0.916259765625
0.9148763020833334
0.9154459635416666
0.9111328125
0.9134928385416666
0.9124348958333334
0.912109375
0.9107259114583334
0.912841796875
0.9156087239583334
0.91357421875
0.9130859375
0.9151204427083334
0.9122721354166666
0.91259765625
0.9097493489583334
0.9108072916666666
0.91015625
0.9131673177083334
0.9122721354166666
0.9168294270833334
0.91259765625
0.9141438802083334
0.9147135416666666
0.9129231770833334
0.91259765625
0.9148763020833334
0.9169108072916666
0.916259765625
0.9137369791666666
0.9130859375
0.9152018229166666
0.9160970052083334
0.9160970052083334
0.9100748697916666
0.9121907552083334
0.9111328125
0.916015625
0.920166015625
0.9173990885416666
0.91455078125
0.9122721354166666
0.9124348958333334
0.9154459635416666
0.9141438802083334
0.9125162760416666
0.9134928385416666
0.9150390625
0.9124348958333334
0.9121907552083334
0.9126790364583334
0.9125162760416666
0.9142252604166666
0.914306640625
0.9140625
0.9166666666666666
0.9139811197916666
0.9112955729166666
0.9124348958333334
0.91650390625
0.9175618489583334
0.9168294270833334
0.9166666666666666
0.9192708333333334
0.9189453125
0.9224446614583334
0.9209798177083334
0.9150390625
0.9115397135416666
0.9156901041666666
0.91357421875
0.9134114583333334
0.9137369791666666
0.9142252604166666
0.9165852864583334
0.9188639322916666
0.9142252604166666
0.915283203125
0.914794921875
0.9130045572916666
0.9165852864583334
0.916748046875
0.9205729166666666
0.919189453125
0.9171549479166666
0.9150390625
0.9182942708333334
0.9189453125
0.9175618489583334
0.912353515625
0.9117024739583334
0.9121907552083334
0.9117838541666666
0.916259765625
0.9097493489583334
0.9134928385416666
0.9151204427083334
0.90966796875
0.9085286458333334
0.9098307291666666
0.912109375
0.9066569010416666
0.9097493489583334
0.9092610677083334
0.9073079427083334
0.90771484375
0.9071451822916666
0.9061686197916666
0.90869140625
0.9063313802083334
0.9109700520833334
0.9063313802083334
0.9083658854166666
0.9098307291666666
0.90966796875
0.9095052083333334
0.90966796875
0.906982421875
0.907958984375
0.910888671875
0.9082845052083334
0.91162109375
0.9091796875
0.9056803385416666
0.9080403645833334
0.9085286458333334
0.9090169270833334
0.9121907552083334
0.908935546875
0.9065755208333334
0.908447265625
0.909912109375
0.90869140625
0.9088541666666666
0.9095052083333334
0.9066569010416666
0.91357421875
0.9100748697916666
0.910888671875
0.9085286458333334
0.9093424479166666
0.908203125
0.913330078125
0.90625
0.908203125
0.904296875
0.9088541666666666
0.91162109375
0.9140625
0.9141438802083334
0.9143880208333334
0.910888671875
0.9120279947916666
0.9073893229166666
0.9076334635416666
0.9115397135416666
0.9072265625
0.9083658854166666
0.9117838541666666
0.91015625
0.91015625
0.90771484375
0.909912109375
0.9069010416666666
0.906494140625
0.90771484375
0.9098307291666666
0.9056803385416666
0.907470703125
0.90869140625
0.9039713541666666
0.9034016927083334
0.9063313802083334
0.906982421875
0.9060872395833334
0.90869140625
0.9100748697916666
0.90576171875
0.9059244791666666
0.908935546875
0.9073079427083334
0.9068196614583334
0.904052734375
0.9069010416666666
0.9108072916666666
0.9071451822916666
0.9000651041666666
0.9036458333333334
0.90771484375
0.9047037760416666
0.902587890625
0.9021809895833334
0.9068196614583334
0.8999837239583334
0.90380859375
0.900634765625
0.902587890625
0.9012044270833334
0.905517578125
0.9063313802083334
0.904541015625
0.9051106770833334
0.9037272135416666
0.9016927083333334
0.9069010416666666
0.9038899739583334
0.90185546875
0.9073079427083334
0.9066569010416666
0.9071451822916666
0.9082845052083334
0.9071451822916666
0.9065755208333334
0.9095865885416666
0.907470703125
0.9111328125
0.9093424479166666
0.9093424479166666
0.909912109375
0.9085286458333334
0.9044596354166666
0.9020182291666666
0.9086100260416666
0.9051920572916666
0.901123046875
0.9009602864583334
0.9044596354166666
0.9007161458333334
0.9019368489583334
0.8977864583333334
0.9080403645833334
0.904296875
0.9039713541666666
0.89990234375
0.9015299479166666
0.9029134114583334
0.9052734375
0.899658203125
0.8985188802083334
0.8955891927083334
0.8964029947916666
0.8994954427083334
0.900634765625
0.8951822916666666
0.8951822916666666
0.892822265625
0.8951009114583334
0.892578125
0.8939615885416666
0.8946940104166666
0.8926595052083334
0.8955078125
0.8971354166666666
0.8976236979166666
0.893310546875
0.8938802083333334
0.8878580729166666
0.8890787760416666
0.890625
0.8883463541666666
0.8907063802083334
0.8916015625
0.8941243489583334
0.8994140625
0.8981119791666666
0.896484375
0.8944498697916666
0.8931477864583334
0.894287109375
0.89208984375
0.890380859375
0.89501953125
0.8911946614583334
0.8860677083333334
0.885009765625
0.892333984375
0.8873697916666666
0.8890787760416666
0.890869140625
0.8883463541666666
0.8860677083333334
0.8855794270833334
0.885498046875
0.8892415364583334
0.8887532552083334
0.8934733072916666
0.88525390625
0.8855794270833334
0.8848470052083334
0.8792317708333334
0.88232421875
0.8858235677083334
0.8810221354166666
0.8817545572916666
0.876220703125
0.8815104166666666
0.878173828125
0.8837076822916666
0.8795572916666666
0.8815104166666666
0.8785807291666666
0.8798014322916666
0.873046875
0.8789876302083334
0.8758138020833334
0.8780924479166666
0.8793131510416666
0.87890625
0.873046875
0.8789876302083334
0.8809407552083334
0.8746744791666666
0.8761393229166666
0.8758138020833334
0.8776041666666666
0.88134765625
0.87255859375
0.875244140625
0.8701985677083334
0.8697916666666666
0.861328125
0.871337890625
0.8694661458333334
0.8760579427083334
0.87353515625
0.8765462239583334
0.876220703125
0.8756510416666666
0.8644205729166666
0.8732096354166666
0.8770345052083334
0.8745930989583334
0.874267578125
0.8746744791666666
0.86865234375
0.8688151041666666
0.8719075520833334
0.867431640625
0.8638509114583334
0.8582356770833334
0.86279296875
0.8575032552083334
0.8557942708333334
0.861083984375
0.8639322916666666
0.857177734375
0.8568522135416666
0.8545735677083334
0.8529459635416666
0.8599446614583334
0.861083984375
0.8560384114583334
0.85693359375
0.8556315104166666
0.8544108072916666
0.8551432291666666
0.8522135416666666
0.8540852864583334
0.85302734375
0.8473307291666666
0.8448893229166666
0.8452962239583334
0.848876953125
0.8421223958333334
0.8458658854166666
0.8439127604166666
0.8404947916666666
0.845703125
0.8460286458333334
0.84912109375
0.8444010416666666
0.8411458333333334
0.8461100260416666
0.8433430989583334
0.843017578125
0.8448079427083334
0.8421223958333334
0.8399251302083334
0.837646484375
0.83251953125
0.835693359375
0.8326822916666666
0.8299967447916666
0.8256022135416666
0.826416015625
0.8230794270833334
0.8255208333333334
0.8216145833333334
0.8194986979166666
0.823974609375
0.8240559895833334
0.8214518229166666
0.8245442708333334
0.8243815104166666
0.8268229166666666
0.82421875
0.8160807291666666
0.810302734375
0.810791015625
0.8098958333333334
0.812255859375
0.8115234375
0.8094075520833334
0.80517578125
0.8036295572916666
0.8011881510416666
0.8084309895833334
0.8129069010416666
0.8076171875
0.805419921875
0.799072265625
0.80517578125
0.7975260416666666
0.7906901041666666
0.7942708333333334
0.7955729166666666
0.7933756510416666
0.7943522135416666
0.796142578125
0.7935384114583334
0.793701171875
0.7904459635416666
0.7838541666666666
0.7813313802083334
0.7784830729166666
0.7808430989583334
0.7840983072916666
0.7861328125
0.7766927083333334
0.7794596354166666
0.7806803385416666
0.7742513020833334
0.7670084635416666
0.7647298177083334
0.76025390625
0.7515462239583334
0.760009765625
0.7581380208333334
0.7578938802083334
0.7586263020833334
0.7562662760416666
0.7606608072916666
0.7598470052083334
0.7548014322916666
0.7545572916666666
0.7560221354166666
0.755126953125
0.7615559895833334
0.7547200520833334
0.7552897135416666
0.75390625
0.749755859375
0.7495930989583334
0.7351888020833334
0.7415364583333334
0.7432454427083334
0.7396647135416666
0.727783203125
0.7322591145833334
0.7239583333333334
0.72900390625
0.726806640625
0.7288411458333334
0.7313639322916666
0.732421875
0.729736328125
0.726318359375
0.72216796875
0.7255045572916666
0.72265625
0.7236328125
0.7275390625
0.7249348958333334
0.7267252604166666
0.7273763020833334
0.7198079427083334
0.7196451822916666
0.7266438802083334
0.722900390625
0.7195638020833334
0.72216796875
0.7255045572916666
0.7225748697916666
0.7200520833333334
0.7267252604166666
0.730712890625
0.7229817708333334
0.72119140625
0.725830078125
0.714599609375
0.722412109375
0.717529296875
0.7166341145833334
0.7176106770833334
0.7208658854166666
0.7156575520833334
0.71875
0.7152506510416666
0.712646484375
0.7161458333333334
0.7176920572916666
0.7189127604166666
0.7140299479166666
0.710693359375
0.7101236979166666
0.7067057291666666
0.715087890625
0.7140299479166666
0.710693359375
0.7032063802083334
0.69970703125
0.7039388020833334
0.7108561197916666
0.7064615885416666
0.6993815104166666
0.7001953125
0.6990559895833334
0.700927734375
0.7034505208333334
0.703125
0.698974609375
0.7012532552083334
0.7001953125
0.6993001302083334
0.7013346354166666
0.70166015625
0.6961263020833334
0.695068359375
0.6929524739583334
0.6909993489583334
0.6818033854166666
0.6890462239583334
0.682373046875
0.6800944010416666
0.6765950520833334
0.679931640625
0.6876627604166666
0.6802571614583334
0.6783040364583334
0.6735026041666666
0.67724609375
0.6796061197916666
0.6786295572916666
0.67724609375
0.6802571614583334
0.67919921875
0.681640625
0.6788736979166666
0.67919921875
0.6741536458333334
0.6774088541666666
0.6725260416666666
0.6705729166666666
0.676025390625
0.6807454427083334
0.6813151041666666
0.67822265625
0.6771647135416666
0.6759440104166666
0.6790364583333334
0.682373046875
0.6847330729166666
0.684326171875
0.6737467447916666
0.6800130208333334
0.6756998697916666
0.6812337239583334
0.6798502604166666
0.6787923177083334
0.6767578125
0.6824544270833334
0.6805013020833334
0.67724609375
0.6818033854166666
0.677734375
0.6812337239583334
0.68115234375
0.67822265625
0.6805013020833334
0.6888834635416666
0.6767578125
0.6793619791666666
0.6748860677083334
0.682373046875
0.6765950520833334
0.675048828125
0.677734375
0.6730143229166666
0.6775716145833334
0.6793619791666666
0.6776529947916666
0.6734212239583334
0.6771647135416666
0.6768391927083334
0.681640625
0.67333984375
0.6730143229166666
0.6810709635416666
0.6778971354166666
0.68212890625
0.6812337239583334
0.6734212239583334
0.67236328125
0.6751302083333334
0.6780598958333334
0.678466796875
0.6688639322916666
0.6787109375
0.6759440104166666
0.6778157552083334
0.674560546875
0.674560546875
0.6743977864583334
0.673095703125
0.674072265625
0.6743977864583334
0.6739908854166666
0.6814778645833334
0.67626953125
0.6814778645833334
0.6756184895833334
0.67041015625
0.6728515625
0.676513671875
0.670166015625
0.6800130208333334
0.6680501302083334
0.6734212239583334
0.67822265625
0.670654296875
0.6727701822916666
0.666015625
0.6749674479166666
0.6722819010416666
0.6732584635416666
0.666015625
0.676513671875
0.6736653645833334
0.671142578125
0.673583984375
0.6649576822916666
0.673095703125
0.6719563802083334
0.6735026041666666
0.6714680989583334
0.673583984375
0.67333984375
0.6768391927083334
0.66650390625
0.6678059895833334
0.67431640625
0.6700032552083334
0.671142578125
0.674560546875
0.6695963541666666
0.66943359375
0.671142578125
0.6705729166666666
0.673583984375
0.6690266927083334
0.6685384114583334
0.6671549479166666
0.6739095052083334
0.6707356770833334
0.671142578125
0.6730143229166666
0.6722819010416666
0.668212890625
0.671630859375
0.67529296875
0.667236328125
0.6687825520833334
0.6685384114583334
0.6673990885416666
0.6732584635416666
0.6732584635416666
0.6669108072916666
0.6702473958333334
0.6637369791666666
0.6731770833333334
0.6605631510416666
0.6639811197916666
0.6741536458333334
0.6702473958333334
0.6680501302083334
0.6712239583333334
0.6683756510416666
0.67041015625
0.670166015625
0.6727701822916666
0.674072265625
0.6678873697916666
0.6732584635416666
0.6710611979166666
0.6719563802083334
0.671875
0.6641438802083334
0.6681315104166666
0.6725260416666666
0.6737467447916666
0.6627604166666666
0.661865234375
0.6673990885416666
0.6747233072916666
0.668701171875
0.6698404947916666
0.6734212239583334
0.66796875
0.6773274739583334
0.6656087239583334
0.6665852864583334
0.661865234375
0.6660970052083334
0.6753743489583334
0.6673177083333334
0.6634114583333334
0.6695963541666666
0.6678873697916666
0.6700846354166666
0.6729329427083334
0.6726888020833334
0.6625162760416666
0.6675618489583334
0.6656087239583334
0.6689453125
0.6702473958333334
0.6582845052083334
0.6630045572916666
0.6683756510416666
0.6630045572916666
0.6632486979166666
0.6717122395833334
0.6669921875
0.660888671875
0.6668294270833334
0.6676432291666666
0.6632486979166666
0.6739908854166666
0.6687825520833334
0.6653645833333334
0.6622721354166666
0.663818359375
0.6680501302083334
0.6637369791666666
0.6638997395833334
0.6632486979166666
0.6690266927083334
0.6642252604166666
0.6631673177083334
0.665283203125
0.6700846354166666
0.6669921875
0.6708170572916666
0.6609700520833334
0.6673990885416666
0.66748046875
