0.68515625
0.68515625
0.67734375
0.6904296875
0.683203125
0.6806640625
0.6884765625
0.6861328125
0.6908203125
0.6857421875
0.6865234375
0.69375
0.689453125
0.684375
0.6919921875
0.7021484375
0.7005859375
0.6865234375
0.6931640625
0.6884765625
0.684375
0.6865234375
0.6982421875
0.69921875
0.6978515625
0.6994140625
0.686328125
0.69375
0.6912109375
0.6828125
0.695703125
0.698046875
0.687890625
0.6982421875
0.6859375
0.6818359375
0.6896484375
0.6953125
0.6876953125
0.6873046875
0.6869140625
0.6951171875
0.69375
0.693359375
0.6986328125
0.696484375
0.6875
0.6865234375
0.6939453125
0.6923828125
0.6890625
0.6814453125
0.6947265625
0.6880859375
0.6962890625
0.68671875
0.69765625
0.6845703125
0.6908203125
0.6958984375
0.6958984375
0.689453125
0.691796875
0.6931640625
0.6982421875
0.6966796875
0.688671875
0.7009765625
0.696875
0.6927734375
0.6939453125
0.6978515625
0.6994140625
0.692578125
0.6994140625
0.6876953125
0.6994140625
0.6986328125
0.6984375
0.6916015625
0.691015625
0.698046875
0.6796875
0.70625
0.7015625
0.7001953125
0.67890625
0.683984375
0.6927734375
0.689453125
0.68984375
0.6990234375
0.6958984375
0.695703125
0.696875
0.69453125
0.6966796875
0.7064453125
0.6982421875
0.6923828125
0.691015625
0.6984375
0.7025390625
0.6947265625
0.687890625
0.7
0.69453125
0.696875
0.689453125
0.6966796875
0.690234375
0.699609375
0.694921875
0.7015625
0.69609375
0.7015625
0.6970703125
0.6876953125
0.6958984375
0.701953125
0.68359375
0.6802734375
0.6994140625
0.6958984375
0.6921875
0.685546875
0.71015625
0.7013671875
0.701953125
0.6958984375
0.696484375
0.704296875
0.694140625
0.7001953125
0.7005859375
0.7013671875
0.6970703125
0.697265625
0.6994140625
0.6955078125
0.6998046875
0.7005859375
0.6984375
0.701953125
0.6994140625
0.702734375
0.70546875
0.7044921875
0.6982421875
0.6974609375
0.700390625
0.6966796875
0.6994140625
0.6958984375
0.697265625
0.694140625
0.6927734375
0.7005859375
0.6908203125
0.7044921875
0.6966796875
0.70390625
0.6951171875
0.69375
0.7017578125
0.7029296875
0.709765625
0.7140625
0.7021484375
0.7025390625
0.6974609375
0.694140625
0.7041015625
0.7052734375
0.70234375
0.7060546875
0.7068359375
0.7029296875
0.6994140625
0.6990234375
0.7
0.6970703125
0.7111328125
0.707421875
0.702734375
0.700390625
0.7107421875
0.70546875
0.7017578125
0.700390625
0.6978515625
0.697265625
0.708984375
0.70390625
0.6953125
0.70390625
0.695703125
0.6943359375
0.7064453125
0.70078125
0.703515625
0.698046875
0.7037109375
0.69453125
0.7015625
0.695703125
0.6966796875
0.7025390625
0.71171875
0.713671875
0.708203125
0.69375
0.692578125
0.704296875
0.7013671875
0.703125
0.7099609375
0.6962890625
0.706640625
0.702734375
0.7111328125
0.69921875
0.698046875
0.7037109375
0.7072265625
0.7025390625
0.703515625
0.701171875
0.7025390625
0.70625
0.7076171875
0.7048828125
0.701171875
0.691796875
0.702734375
0.7041015625
0.7033203125
0.70859375
0.70625
0.7103515625
0.70234375
0.706640625
0.698828125
0.6974609375
0.705078125
0.6990234375
0.7029296875
0.7015625
0.7078125
0.7029296875
0.6986328125
0.7048828125
0.700390625
0.71171875
0.7048828125
0.7017578125
0.7083984375
0.7078125
0.703515625
0.699609375
0.7015625
0.7095703125
0.7115234375
0.70390625
0.719921875
0.7095703125
0.7025390625
0.7123046875
0.713671875
0.7091796875
0.7021484375
0.708203125
0.7154296875
0.709375
0.7029296875
0.706640625
0.713671875
0.7068359375
0.71640625
0.704296875
0.709765625
0.70703125
0.710546875
0.70625
0.708203125
0.7166015625
0.7140625
0.71640625
0.709765625
0.7078125
0.7037109375
0.7125
0.7068359375
0.7197265625
0.71484375
0.7123046875
0.70859375
0.7083984375
0.709765625
0.710546875
0.708203125
0.715234375
0.7095703125
0.7025390625
0.7123046875
0.711328125
0.7125
0.709375
0.7076171875
0.7095703125
0.7166015625
0.711328125
0.707421875
0.7150390625
0.7068359375
0.712109375
0.70390625
0.6994140625
0.7111328125
0.716015625
0.7169921875
0.7109375
0.7021484375
0.703515625
0.70625
0.70625
0.7115234375
0.717578125
0.7185546875
0.712109375
0.7150390625
0.7154296875
0.715234375
0.7171875
0.7162109375
0.7046875
0.7162109375
0.721875
0.7140625
0.71875
0.7130859375
0.7138671875
0.709375
0.716015625
0.7048828125
0.712890625
0.709375
0.7234375
0.71640625
0.70859375
0.7109375
0.7185546875
0.719921875
0.715234375
0.719921875
0.7150390625
0.719921875
0.7166015625
0.7171875
0.7140625
0.7130859375
0.715234375
0.7119140625
0.7224609375
0.7154296875
0.7123046875
0.7126953125
0.7125
0.71640625
0.7171875
0.7103515625
0.7111328125
0.71484375
0.728125
0.71328125
0.70625
0.7171875
0.7189453125
0.7083984375
0.70078125
0.713671875
0.7046875
0.7091796875
0.708984375
0.7255859375
0.7150390625
0.7111328125
0.7166015625
0.7125
0.7193359375
0.730078125
0.7232421875
0.714453125
0.7171875
0.7140625
0.719140625
0.723046875
0.7142578125
0.71796875
0.723828125
0.7248046875
0.7208984375
0.7265625
0.7224609375
0.7068359375
0.71796875
0.71953125
0.7162109375
0.7080078125
0.7109375
0.713671875
0.7232421875
0.7244140625
0.7232421875
0.7255859375
0.71484375
0.715234375
0.7134765625
0.715234375
0.709375
0.717578125
0.7203125
0.718359375
0.721484375
0.7212890625
0.7162109375
0.7185546875
0.7099609375
0.7119140625
0.7154296875
0.7169921875
0.71875
0.7197265625
0.7201171875
0.71640625
0.7158203125
0.719140625
0.7177734375
0.721484375
0.715234375
0.719921875
0.730078125
0.7203125
0.717578125
0.7197265625
0.7228515625
0.72265625
0.722265625
0.7203125
0.720703125
0.7203125
0.72265625
0.7140625
0.71796875
0.7205078125
0.7255859375
0.730078125
0.7173828125
0.723828125
0.7173828125
0.719140625
0.72890625
0.731640625
0.7380859375
0.7287109375
0.7203125
0.715625
0.7259765625
0.7310546875
0.732421875
0.7248046875
0.7216796875
0.725390625
0.71328125
0.7228515625
0.7212890625
0.7205078125
0.722265625
0.725
0.7224609375
0.7205078125
0.7291015625
0.732421875
0.7212890625
0.7244140625
0.72265625
0.7271484375
0.7265625
0.72265625
0.7248046875
0.723046875
0.7248046875
0.722265625
0.7248046875
0.72578125
0.7173828125
0.7279296875
0.72421875
0.719921875
0.730859375
0.7296875
0.730078125
0.7265625
0.723046875
0.739453125
0.7365234375
0.7236328125
0.724609375
0.71953125
0.7216796875
0.727734375
0.7341796875
0.72734375
0.722265625
0.7287109375
0.728515625
0.7279296875
0.717578125
0.7197265625
0.7287109375
0.7310546875
0.7294921875
0.726953125
0.727734375
0.722265625
0.727734375
0.7291015625
0.7326171875
0.7279296875
0.728515625
0.7216796875
0.7169921875
0.7283203125
0.7294921875
0.7359375
0.7345703125
0.7388671875
0.730859375
0.7296875
0.7314453125
0.7326171875
0.7302734375
0.733203125
0.7353515625
0.7240234375
0.727734375
0.741796875
0.7357421875
0.7353515625
0.7341796875
0.7318359375
0.728125
0.74140625
0.7373046875
0.737109375
0.7328125
0.7216796875
0.731640625
0.7392578125
0.7328125
0.7353515625
0.73984375
0.7404296875
0.7412109375
0.7361328125
0.7455078125
0.741796875
0.740234375
0.7423828125
0.7349609375
0.73671875
0.733203125
0.733984375
0.7322265625
0.72734375
0.732421875
0.7337890625
0.731640625
0.7376953125
0.7392578125
0.73671875
0.7392578125
0.740625
0.7427734375
0.7353515625
0.739453125
0.73515625
0.73046875
0.7345703125
0.7443359375
0.7412109375
0.746875
0.7373046875
0.738671875
0.742578125
0.7328125
0.7447265625
0.744921875
0.7470703125
0.7400390625
0.7384765625
0.7439453125
0.74375
0.743359375
0.731640625
0.7359375
0.73515625
0.7380859375
0.7333984375
0.7349609375
0.731640625
0.739453125
0.743359375
0.7380859375
0.7423828125
0.7439453125
0.7462890625
0.743359375
0.7466796875
0.7484375
0.7447265625
0.7490234375
0.7453125
0.744140625
0.7416015625
0.7404296875
0.7419921875
0.7380859375
0.737109375
0.7396484375
0.74140625
0.743359375
0.7478515625
0.7462890625
0.7380859375
0.744921875
0.74609375
0.742578125
0.737890625
0.7375
0.7388671875
0.73984375
0.7419921875
0.739453125
0.7439453125
0.739453125
0.74453125
0.7419921875
0.7419921875
0.74140625
0.746875
0.7376953125
0.7462890625
0.74453125
0.741796875
0.7421875
0.75
0.7462890625
0.75
0.751171875
0.7501953125
0.74609375
0.746875
0.740234375
0.7453125
0.7419921875
0.741796875
0.7490234375
0.755859375
0.7591796875
0.761328125
0.753125
0.7509765625
0.754296875
0.7587890625
0.75625
0.758203125
0.7576171875
0.7552734375
0.7576171875
0.752734375
0.7546875
0.74921875
0.7515625
0.7482421875
0.752734375
0.750390625
0.74921875
0.75390625
0.746484375
0.7505859375
0.7546875
0.757421875
0.7576171875
0.75859375
0.7609375
0.75859375
0.759375
0.758984375
0.7625
0.7580078125
0.7578125
0.758984375
0.7669921875
0.7654296875
0.7603515625
0.7640625
0.7583984375
0.76484375
0.7609375
0.75703125
0.7626953125
0.7619140625
0.7658203125
0.7650390625
0.7625
0.76328125
0.7603515625
0.7576171875
0.7578125
0.7546875
0.7564453125
0.75703125
0.7505859375
0.751953125
0.7544921875
0.7583984375
0.7625
0.7583984375
0.75234375
0.752734375
0.75703125
0.759375
0.7619140625
0.754296875
0.7564453125
0.7556640625
0.7556640625
0.755859375
0.7576171875
0.756640625
0.7525390625
0.7576171875
0.7603515625
0.76171875
0.75703125
0.75859375
0.76171875
0.7642578125
0.7642578125
0.758984375
0.751171875
0.754296875
0.7578125
0.7654296875
0.7634765625
0.7556640625
0.7533203125
0.749609375
0.7537109375
0.757421875
0.7642578125
0.761328125
0.7568359375
0.7556640625
0.7541015625
0.7599609375
0.766015625
0.766015625
0.7625
0.7583984375
0.7595703125
0.7599609375
0.7599609375
0.75859375
0.7578125
0.7578125
0.7615234375
0.7611328125
0.76171875
0.759765625
0.759765625
0.763671875
0.76328125
0.7658203125
0.7673828125
0.7646484375
0.76015625
0.7685546875
0.766015625
0.7708984375
0.7720703125
0.775
0.778125
0.777734375
0.7796875
0.776171875
0.7810546875
0.7791015625
0.7779296875
0.7798828125
0.7798828125
0.782421875
0.7822265625
0.7826171875
0.7794921875
0.7841796875
0.7869140625
0.7880859375
0.789453125
0.7869140625
0.787109375
0.7865234375
0.7869140625
0.7853515625
0.7900390625
0.7875
0.7900390625
0.7869140625
0.78671875
0.786328125
0.7896484375
0.7904296875
0.79609375
0.7966796875
0.79921875
0.79765625
0.796875
0.798828125
0.798046875
0.7978515625
0.8013671875
0.80234375
0.799609375
0.801171875
0.804296875
0.80390625
0.8033203125
0.8015625
0.8029296875
0.80234375
0.8001953125
0.80234375
0.8009765625
0.8056640625
0.802734375
0.8046875
0.8052734375
0.80703125
0.805859375
0.809765625
0.808984375
0.808203125
0.8072265625
0.8078125
0.8083984375
0.80859375
0.807421875
0.808203125
0.8078125
0.8087890625
0.8099609375
0.8119140625
0.8146484375
0.8138671875
0.814453125
0.8140625
0.814453125
0.8158203125
0.8138671875
0.81484375
0.815625
0.8158203125
0.8171875
0.8197265625
0.81875
0.8216796875
0.820703125
0.8197265625
0.8203125
0.8212890625
0.8203125
0.8201171875
0.823828125
0.8228515625
0.8232421875
0.8228515625
0.8205078125
0.8212890625
0.823828125
0.8251953125
0.8259765625
0.8251953125
0.8232421875
0.8228515625
0.8228515625
0.823828125
0.8267578125
0.8251953125
0.828125
0.8296875
0.8306640625
0.8326171875
0.835546875
0.8365234375
0.837890625
0.8384765625
0.8390625
0.83984375
0.841796875
0.8431640625
0.8447265625
0.8466796875
0.8470703125
0.8466796875
0.846484375
0.84765625
0.8482421875
0.8486328125
0.8478515625
0.8466796875
0.8484375
0.8494140625
0.84921875
0.85
0.851171875
0.851953125
0.8525390625
0.8521484375
0.8521484375
0.85234375
0.8517578125
0.8525390625
0.853125
0.853125
0.853125
0.8537109375
0.8548828125
0.8556640625
0.855859375
0.8552734375
0.854296875
0.8541015625
0.85390625
0.853515625
0.8541015625
0.8544921875
0.85546875
0.8546875
0.8548828125
0.855078125
0.855078125
0.8541015625
0.854296875
0.855078125
0.8546875
0.8546875
0.855078125
0.8556640625
0.85546875
0.8548828125
0.8544921875
0.8546875
0.8548828125
0.8544921875
0.855078125
0.8556640625
0.8560546875
0.8564453125
0.8568359375
0.856640625
0.856640625
0.856640625
0.855859375
0.8560546875
0.855859375
0.855859375
0.85625
0.8560546875
0.855859375
0.8556640625
0.8556640625
0.8556640625
0.85625
0.8560546875
0.85625
0.8564453125
0.856640625
0.8564453125
0.8568359375
0.856640625
0.8568359375
0.8572265625
0.8576171875
0.8578125
0.8576171875
0.857421875
0.85703125
0.8576171875
0.8578125
0.8583984375
