0.8583984375
0.85859375
0.85859375
0.8587890625
0.85859375
0.8583984375
0.85859375
0.859375
0.8595703125
0.859375
0.859375
0.8595703125
0.8591796875
0.8595703125
0.8595703125
0.859375
0.8591796875
0.858984375
0.858984375
0.858984375
0.858984375
0.858984375
0.858984375
0.8587890625
0.8583984375
0.8583984375
0.8587890625
0.858984375
0.858984375
0.858984375
0.8591796875
0.8591796875
0.8595703125
0.8599609375
0.86015625
0.8603515625
0.8603515625
0.8603515625
0.8603515625
0.8599609375
0.86015625
0.859765625
0.859765625
0.859765625
0.859765625
0.86015625
0.860546875
0.8611328125
0.8611328125
0.8611328125
0.861328125
0.8615234375
0.8615234375
0.8615234375
0.861328125
0.861328125
0.8615234375
0.861328125
0.861328125
0.8619140625
0.86171875
0.862109375
0.8619140625
0.861328125
0.861328125
0.8615234375
0.86171875
0.86171875
0.861328125
0.861328125
0.8611328125
0.8611328125
0.861328125
0.8615234375
0.8619140625
0.8619140625
0.8615234375
0.862109375
0.8625
0.862890625
0.8630859375
0.8638671875
0.8638671875
0.8640625
0.8642578125
0.864453125
0.86484375
0.864453125
0.8642578125
0.8642578125
0.8638671875
0.8640625
0.8642578125
0.863671875
0.8640625
0.8640625
0.8638671875
0.8640625
0.8642578125
0.8640625
0.8640625
0.8646484375
0.8646484375
0.8640625
0.8640625
0.863671875
0.8634765625
0.8646484375
0.8646484375
0.8646484375
0.8646484375
0.86484375
0.8650390625
0.8646484375
0.8646484375
0.8646484375
0.86484375
0.8646484375
0.8646484375
0.8650390625
0.8654296875
0.865625
0.86640625
0.8671875
0.867578125
0.8677734375
0.8677734375
0.867578125
0.86796875
0.8681640625
0.86796875
0.8681640625
0.868359375
0.8681640625
0.8681640625
0.86875
0.86875
0.8685546875
0.86953125
0.8703125
0.870703125
0.8703125
0.869921875
0.8701171875
0.8701171875
0.8701171875
0.869921875
0.8705078125
0.8708984375
0.8703125
0.87109375
0.8701171875
0.8703125
0.8705078125
0.87109375
0.8720703125
0.87265625
0.87265625
0.8728515625
0.8732421875
0.873828125
0.8740234375
0.874609375
0.87421875
0.8744140625
0.87421875
0.87421875
0.8744140625
0.87421875
0.8751953125
0.8759765625
0.8759765625
0.876171875
0.876171875
0.876953125
0.8771484375
0.876953125
0.877734375
0.87734375
0.87734375
0.8771484375
0.87734375
0.8767578125
0.876953125
0.87734375
0.8771484375
0.8767578125
0.8759765625
0.8759765625
0.8763671875
0.8751953125
0.875390625
0.8763671875
0.8767578125
0.876953125
0.8765625
0.8767578125
0.8771484375
0.877734375
0.878125
0.878515625
0.878125
0.878515625
0.878125
0.878125
0.876953125
0.876171875
0.8771484375
0.877734375
0.8779296875
0.8787109375
0.8779296875
0.8779296875
0.87734375
0.8771484375
0.8779296875
0.8783203125
0.8775390625
0.8775390625
0.8775390625
0.8765625
0.8771484375
0.878125
0.878515625
0.8791015625
0.8802734375
0.8798828125
0.879296875
0.8798828125
0.8791015625
0.878515625
0.8787109375
0.8796875
0.8806640625
0.8798828125
0.879296875
0.8783203125
0.8779296875
0.8767578125
0.8765625
0.8765625
0.87734375
0.8765625
0.876171875
0.876953125
0.877734375
0.878125
0.8767578125
0.8765625
0.8765625
0.877734375
0.878515625
0.878515625
0.87890625
0.8791015625
0.8796875
0.8802734375
0.880078125
0.8806640625
0.88046875
0.879296875
0.879296875
0.8806640625
0.8810546875
0.8806640625
0.8810546875
0.88125
0.8806640625
0.88046875
0.88125
0.8814453125
0.880859375
0.8830078125
0.88203125
0.8822265625
0.8826171875
0.8826171875
0.8833984375
0.8845703125
0.8841796875
0.8845703125
0.88359375
0.883984375
0.8833984375
0.883203125
0.8828125
0.88359375
0.8833984375
0.882421875
0.8822265625
0.8828125
0.8833984375
0.883984375
0.883984375
0.883203125
0.8837890625
0.8828125
0.8830078125
0.883203125
0.882421875
0.8833984375
0.8828125
0.8830078125
0.8833984375
0.884375
0.8849609375
0.885546875
0.8861328125
0.88515625
0.8861328125
0.8853515625
0.884765625
0.8849609375
0.884765625
0.883984375
0.885546875
0.8857421875
0.8869140625
0.8857421875
0.887109375
0.88671875
0.8859375
0.886328125
0.8859375
0.8865234375
0.887109375
0.8875
0.8875
0.8890625
0.8900390625
0.8916015625
0.890625
0.8908203125
0.8923828125
0.8923828125
0.8921875
0.89375
0.8943359375
0.8935546875
0.8931640625
0.89296875
0.892578125
0.892578125
0.89375
0.8919921875
0.8896484375
0.88828125
0.88828125
0.8900390625
0.88828125
0.8890625
0.88828125
0.887890625
0.8876953125
0.888671875
0.88828125
0.8896484375
0.889453125
0.887890625
0.8884765625
0.8892578125
0.887890625
0.8873046875
0.8869140625
0.8888671875
0.88984375
0.891015625
0.889453125
0.888671875
0.887890625
0.8857421875
0.883203125
0.8861328125
0.887890625
0.8888671875
0.8880859375
0.886328125
0.8861328125
0.8873046875
0.8861328125
0.8873046875
0.8861328125
0.8845703125
0.884765625
0.8841796875
0.885546875
0.884765625
0.88515625
0.8869140625
0.8865234375
0.8853515625
0.8859375
0.8880859375
0.8873046875
0.88515625
0.8833984375
0.884765625
0.88515625
0.8861328125
0.8853515625
0.887890625
0.8880859375
0.8876953125
0.88671875
0.8861328125
0.8861328125
0.8876953125
0.8873046875
0.8869140625
0.8859375
0.8845703125
0.8845703125
0.8837890625
0.885546875
0.88515625
0.8861328125
0.8876953125
0.8884765625
0.8873046875
0.8873046875
0.8857421875
0.8859375
0.8859375
0.8845703125
0.883984375
0.8845703125
0.887109375
0.8884765625
0.88984375
0.889453125
0.8888671875
0.8890625
0.8900390625
0.891015625
0.891015625
0.8931640625
0.89375
0.8923828125
0.892578125
0.89296875
0.891796875
0.8904296875
0.891796875
0.890234375
0.890234375
0.89140625
0.891796875
0.8919921875
0.892578125
0.8923828125
0.89296875
0.8923828125
0.891796875
0.88984375
0.8916015625
0.89140625
0.89140625
0.8939453125
0.8953125
0.895703125
0.8955078125
0.895703125
0.8982421875
0.8974609375
0.8990234375
0.8984375
0.895703125
0.8947265625
0.8951171875
0.89453125
0.8953125
0.894140625
0.8935546875
0.8919921875
0.891015625
0.891015625
0.8908203125
0.888671875
0.8884765625
0.8904296875
0.8916015625
0.8919921875
0.8935546875
0.89140625
0.8919921875
0.891796875
0.89375
0.8921875
0.8919921875
0.8935546875
0.8890625
0.888671875
0.889453125
0.892578125
0.892578125
0.8953125
0.894140625
0.8931640625
0.89296875
0.88984375
0.8900390625
0.891015625
0.893359375
0.8908203125
0.8931640625
0.8888671875
0.8876953125
0.889453125
0.8873046875
0.8880859375
0.8888671875
0.8900390625
0.8896484375
0.892578125
0.8955078125
0.89453125
0.894921875
0.89765625
0.8939453125
0.89375
0.896875
0.8982421875
0.8966796875
0.89375
0.891796875
0.8908203125
0.8912109375
0.88984375
0.88671875
0.8875
0.88671875
0.88984375
0.891796875
0.893359375
0.8939453125
0.8923828125
0.8884765625
0.888671875
0.8884765625
0.8892578125
0.8884765625
0.8890625
0.88984375
0.8923828125
0.8890625
0.88828125
0.8861328125
0.880859375
0.8822265625
0.886328125
0.8833984375
0.8828125
0.88203125
0.8802734375
0.8814453125
0.88046875
0.879296875
0.8841796875
0.8822265625
0.883984375
0.88203125
0.87890625
0.88203125
0.880859375
0.878515625
0.877734375
0.8736328125
0.874609375
0.8701171875
0.86953125
0.87265625
0.8708984375
0.874609375
0.871875
0.867578125
0.8662109375
0.862109375
0.8685546875
0.8685546875
0.8734375
0.866015625
0.869140625
0.86640625
0.864453125
0.86953125
0.866015625
0.8693359375
0.86953125
0.86875
0.8712890625
0.869140625
0.868359375
0.8724609375
0.870703125
0.871484375
0.8609375
0.851953125
0.852734375
0.8505859375
0.854296875
0.852734375
0.8478515625
0.8423828125
0.841015625
0.848046875
0.8498046875
0.8470703125
0.8494140625
0.837890625
0.8373046875
0.8375
0.837890625
0.834765625
0.83359375
0.8349609375
0.8359375
0.8314453125
0.8283203125
0.821484375
0.8205078125
0.825
0.823046875
0.830859375
0.8283203125
0.8279296875
0.828515625
0.822265625
0.8201171875
0.8197265625
0.81640625
0.81875
0.817578125
0.8212890625
0.8169921875
0.8212890625
0.823828125
0.8130859375
0.8193359375
0.8173828125
0.8134765625
0.81875
0.8244140625
0.8146484375
0.812109375
0.8064453125
0.8
0.79375
0.7916015625
0.790234375
0.7890625
0.7806640625
0.78984375
0.7833984375
0.7720703125
0.762109375
0.7650390625
0.7708984375
0.762890625
0.753515625
0.749609375
0.7474609375
0.7388671875
0.73359375
0.7255859375
0.715625
0.7283203125
0.7212890625
0.723828125
0.71484375
0.712890625
0.7162109375
0.709765625
0.7044921875
0.7119140625
0.7072265625
0.71640625
0.7140625
0.714453125
0.7111328125
0.713671875
0.7076171875
0.7072265625
0.70078125
0.707421875
0.708203125
0.709375
0.70859375
0.705859375
0.705859375
0.697265625
0.7125
0.7029296875
0.70625
0.7123046875
0.716015625
0.7185546875
0.7078125
0.7146484375
0.711328125
0.710546875
0.719140625
0.7048828125
0.7083984375
0.711328125
0.7052734375
0.7138671875
0.7048828125
0.70078125
0.7171875
0.7109375
0.705078125
0.70546875
0.707421875
0.705078125
0.7138671875
0.712109375
0.7119140625
0.7080078125
0.703125
0.7111328125
0.712890625
0.7072265625
0.7083984375
0.71171875
0.709765625
0.7125
0.7037109375
0.7037109375
0.7052734375
0.701953125
0.7140625
0.7099609375
0.7044921875
0.7173828125
0.7052734375
0.713671875
0.7046875
0.7083984375
0.709765625
0.70703125
0.71171875
0.7099609375
0.7138671875
0.7125
0.706640625
0.7158203125
0.699609375
0.6984375
0.7041015625
0.7126953125
0.7076171875
0.7078125
0.709765625
0.705078125
0.690625
0.698828125
0.7064453125
0.701953125
0.7021484375
0.707421875
0.7060546875
0.7083984375
0.708984375
0.705078125
0.7029296875
0.713671875
0.70390625
0.7052734375
0.7107421875
0.70703125
0.699609375
0.6984375
0.709375
0.7052734375
0.701953125
0.7033203125
0.695703125
0.709375
0.7056640625
0.7017578125
0.7029296875
0.6982421875
0.7111328125
0.7005859375
0.7044921875
0.6990234375
0.70078125
0.7095703125
0.6962890625
0.6974609375
0.7064453125
0.70859375
0.697265625
0.6869140625
0.69453125
0.69921875
0.6998046875
0.70546875
0.7044921875
0.6998046875
0.7005859375
0.6978515625
0.7083984375
0.7033203125
0.7041015625
0.70546875
0.705078125
0.7021484375
0.7029296875
0.70625
0.6990234375
0.7044921875
0.6962890625
0.698046875
0.6931640625
0.701171875
0.7009765625
0.7021484375
0.7005859375
0.70390625
0.7095703125
0.6935546875
0.7078125
0.7033203125
0.696875
0.7017578125
0.6994140625
0.6880859375
0.7005859375
0.6927734375
0.6994140625
0.68984375
0.70234375
0.701171875
0.696484375
0.7107421875
0.703515625
0.7029296875
0.70078125
0.6970703125
0.695703125
0.698046875
0.7046875
0.691796875
0.70390625
0.71484375
0.690625
0.7041015625
0.6984375
0.7046875
0.6947265625
0.69140625
0.6939453125
0.694921875
0.693359375
0.7029296875
0.699609375
0.6994140625
0.70078125
0.69921875
0.705078125
0.6853515625
0.70078125
0.712109375
0.69375
0.69921875
0.6892578125
0.6978515625
0.70390625
0.6947265625
0.7015625
0.7044921875
0.7015625
0.6984375
0.6953125
0.69609375
0.7013671875
0.69921875
0.7001953125
0.70234375
0.6916015625
0.6884765625
0.6982421875
0.69453125
0.6970703125
0.699609375
0.698046875
0.6935546875
0.699609375
0.698828125
0.6990234375
0.7037109375
0.6947265625
0.6908203125
0.699609375
0.6970703125
0.6935546875
0.695703125
0.6916015625
0.6822265625
0.6962890625
0.6935546875
0.7029296875
0.690234375
0.6935546875
0.6958984375
0.6908203125
0.697265625
0.687109375
0.685546875
0.68359375
0.693359375
0.6841796875
0.6900390625
0.705078125
0.7001953125
0.69375
0.6984375
0.6994140625
0.6935546875
0.6974609375
0.694921875
0.692578125
0.6984375
0.6970703125
0.688671875
0.6955078125
0.6900390625
0.694921875
0.695703125
0.683984375
0.686328125
0.687109375
0.6990234375
0.6974609375
0.6970703125
0.6998046875
0.6931640625
0.7029296875
0.6935546875
0.6896484375
0.6822265625
0.6947265625
0.691796875
0.6900390625
0.69140625
0.6970703125
0.6814453125
0.692578125
0.6953125
0.688671875
0.6921875
0.687109375
0.6908203125
0.6818359375
0.6833984375
0.6873046875
0.6775390625
0.6900390625
0.69375
0.698046875
0.6935546875
0.685546875
0.6845703125
0.6970703125
0.69296875
0.6875
0.690625
0.698046875
0.687109375
0.6939453125
0.690625
0.6951171875
0.688671875
0.6849609375
0.6962890625
0.676171875
0.676953125
0.6935546875
0.677734375
0.6890625
0.6896484375
0.691015625
0.6865234375
0.6974609375
0.6880859375
0.683203125
0.6818359375
0.6921875
0.6876953125
0.69609375
0.6876953125
0.6880859375
0.6953125
0.691796875
0.682421875
0.68125
0.685546875
0.694140625
0.6873046875
0.684375
