0.6888020833333334
0.6683756510416666
0.67919921875
0.6758626302083334
0.6722819010416666
0.6728515625
0.6735026041666666
0.677978515625
0.6780598958333334
0.6780598958333334
0.67626953125
0.6748860677083334
0.6756998697916666
0.6824544270833334
0.674560546875
0.6746419270833334
0.678955078125
0.6725260416666666
0.6752115885416666
0.6726888020833334
0.674560546875
0.6732584635416666
0.6756184895833334
0.67919921875
0.6774088541666666
0.6831868489583334
0.6704915364583334
0.6802571614583334
0.6731770833333334
0.6756998697916666
0.6797688802083334
0.6726888020833334
0.6752115885416666
0.6766764322916666
0.6813151041666666
0.6704915364583334
0.6748046875
0.67138671875
0.67724609375
0.6719563802083334
0.6785481770833334
0.6739908854166666
0.6783040364583334
0.673095703125
0.6747233072916666
0.67822265625
0.67919921875
0.6807454427083334
0.679443359375
0.6795247395833334
0.676513671875
0.673583984375
0.6748046875
0.684814453125
0.678955078125
0.6829427083333334
0.6754557291666666
0.677978515625
0.6826171875
0.6778157552083334
0.6805013020833334
0.6737467447916666
0.6778971354166666
0.677490234375
0.674560546875
0.6765950520833334
0.671630859375
0.6758626302083334
0.67919921875
0.6729329427083334
0.6788736979166666
0.6774088541666666
0.6767578125
0.6790364583333334
0.6720377604166666
0.6743977864583334
0.6791178385416666
0.6791178385416666
0.68017578125
0.6768391927083334
0.6763509114583334
0.6787109375
0.67626953125
0.6776529947916666
0.6803385416666666
0.674560546875
0.6805013020833334
0.68017578125
0.6761067708333334
0.6774088541666666
0.6766764322916666
0.6746419270833334
0.678955078125
0.6736653645833334
0.6800944010416666
0.6815592447916666
0.681396484375
0.68115234375
0.6812337239583334
0.6783854166666666
0.6778971354166666
0.676513671875
0.6808268229166666
0.6758626302083334
0.68115234375
0.6819661458333334
0.6770833333333334
0.6814778645833334
0.6827799479166666
0.6800130208333334
0.6748860677083334
0.6813151041666666
0.6787923177083334
0.6773274739583334
0.6778971354166666
0.6795247395833334
0.6796875
0.6778971354166666
0.680908203125
0.68505859375
0.67578125
0.6774088541666666
0.6729329427083334
0.6797688802083334
0.6796875
0.6692708333333334
0.680908203125
0.6792805989583334
0.6700846354166666
0.6770833333333334
0.6834309895833334
0.6840006510416666
0.68359375
0.6748046875
0.6861165364583334
0.6773274739583334
0.6802571614583334
0.6726888020833334
0.678466796875
0.680908203125
0.6829427083333334
0.6786295572916666
0.6761067708333334
0.68115234375
0.683837890625
0.68505859375
0.6791178385416666
0.688720703125
0.6798502604166666
0.6857096354166666
0.6774088541666666
0.6822916666666666
0.6792805989583334
0.6807454427083334
0.68359375
0.6727701822916666
0.681396484375
0.6763509114583334
0.6808268229166666
0.6786295572916666
0.6812337239583334
0.6830240885416666
0.683837890625
0.680419921875
0.6871744791666666
0.6824544270833334
0.6819661458333334
0.6827799479166666
0.68798828125
0.684814453125
0.6883138020833334
0.685302734375
0.6837565104166666
0.6857096354166666
0.67919921875
0.6888834635416666
0.68359375
0.6805826822916666
0.6776529947916666
0.6853841145833334
0.6844075520833334
0.6824544270833334
0.675537109375
0.6815592447916666
0.6787923177083334
0.683349609375
0.6796061197916666
0.6851399739583334
0.6864420572916666
0.68505859375
0.6835123697916666
0.6783040364583334
0.682373046875
0.691650390625
0.6807454427083334
0.682861328125
0.6825358072916666
0.680419921875
0.6795247395833334
0.6780598958333334
0.6805013020833334
0.687255859375
0.6837565104166666
0.68212890625
0.6840006510416666
0.68798828125
0.6866048177083334
0.682373046875
0.6873372395833334
0.68408203125
0.6875
0.6880696614583334
0.6841634114583334
0.689208984375
0.6822102864583334
0.6891276041666666
0.6826985677083334
0.6852213541666666
0.68505859375
0.6858723958333334
0.6827799479166666
0.6837565104166666
0.6817220052083334
0.68505859375
0.68408203125
0.6836751302083334
0.6836751302083334
0.6874186197916666
0.6875813802083334
0.6814778645833334
0.6900227864583334
0.6914876302083334
0.687744140625
0.6851399739583334
0.6829427083333334
0.6904296875
0.6866861979166666
0.6866861979166666
0.6885579427083334
0.683837890625
0.6851399739583334
0.68994140625
0.6825358072916666
0.6920572916666666
0.6859537760416666
0.6893717447916666
0.6896158854166666
0.6839192708333334
0.6839192708333334
0.6886393229166666
0.6739095052083334
0.6891276041666666
0.685302734375
0.68603515625
0.6844075520833334
0.68603515625
0.6868489583333334
0.6869303385416666
0.6861165364583334
0.68798828125
0.69140625
0.682861328125
0.6857096354166666
0.6883951822916666
0.6863606770833334
0.68701171875
0.6895345052083334
0.6900227864583334
0.6897786458333334
0.68701171875
0.689208984375
0.6840006510416666
0.6888834635416666
0.686767578125
0.6793619791666666
0.6800944010416666
0.6901041666666666
0.6898600260416666
0.6880696614583334
0.688232421875
0.6883951822916666
0.688720703125
0.6923014322916666
0.6842447916666666
0.6851399739583334
0.6827799479166666
0.6890462239583334
0.6826985677083334
0.6870930989583334
0.6903483072916666
0.6912434895833334
0.6925455729166666
0.6830240885416666
0.6910807291666666
0.6835123697916666
0.68701171875
0.6827799479166666
0.6844889322916666
0.6886393229166666
0.6903483072916666
0.6909993489583334
0.6866861979166666
0.6915690104166666
0.6909993489583334
0.6849772135416666
0.69091796875
0.6884765625
0.696044921875
0.6884765625
0.69091796875
0.6892903645833334
0.6873372395833334
0.6875813802083334
0.6944173177083334
0.6934407552083334
0.6851399739583334
0.6881510416666666
0.6918131510416666
0.690185546875
0.686767578125
0.6958821614583334
0.6923828125
0.6966959635416666
0.68994140625
0.6846516927083334
0.69140625
0.6913248697916666
0.6941731770833334
0.6897786458333334
0.691650390625
0.69091796875
0.6888834635416666
0.6934407552083334
0.6909993489583334
0.6927083333333334
0.6875813802083334
0.6909993489583334
0.688720703125
0.6954752604166666
0.6897786458333334
0.6949869791666666
0.6892903645833334
0.686767578125
0.6934407552083334
0.691162109375
0.6897786458333334
0.695068359375
0.6919759114583334
0.691162109375
0.690673828125
0.6937662760416666
0.6953938802083334
0.6888834635416666
0.6940104166666666
0.6913248697916666
0.6892903645833334
0.6904296875
0.6927083333333334
0.68701171875
0.689697265625
0.6951497395833334
0.693603515625
0.6957194010416666
0.6904296875
0.6918131510416666
0.6864420572916666
0.6952311197916666
0.6927083333333334
0.6878255208333334
0.6927897135416666
0.6963704427083334
0.6881510416666666
0.6947428385416666
0.689453125
0.6878255208333334
0.6943359375
0.6913248697916666
0.6951497395833334
0.6951497395833334
0.6905924479166666
0.697509765625
0.6985677083333334
0.6920572916666666
0.6963704427083334
0.69140625
0.6893717447916666
0.6944173177083334
0.693359375
0.695068359375
0.6930338541666666
0.69873046875
0.69287109375
0.693359375
0.7001139322916666
0.6923014322916666
0.6893717447916666
0.690673828125
0.690673828125
0.69384765625
0.6910807291666666
0.688232421875
0.6912434895833334
0.697509765625
0.6958821614583334
0.6890462239583334
0.699462890625
0.6910807291666666
0.6949869791666666
0.6976725260416666
0.69970703125
0.697509765625
0.6900227864583334
0.6968587239583334
0.69921875
0.69677734375
0.6997884114583334
0.7010904947916666
0.6888834635416666
0.6939290364583334
0.6961263020833334
0.7012532552083334
0.6940104166666666
0.6910807291666666
0.6878255208333334
0.69482421875
0.6944173177083334
0.696044921875
0.696533203125
0.6944986979166666
0.6978352864583334
0.7000325520833334
0.6976725260416666
0.7006022135416666
0.6998697916666666
0.7013346354166666
0.6931966145833334
0.6953938802083334
0.695068359375
0.697509765625
0.6937662760416666
0.6966145833333334
0.6986490885416666
0.6973470052083334
0.697021484375
0.69677734375
0.6934407552083334
0.69775390625
0.6988118489583334
0.6931966145833334
0.6958821614583334
0.6954752604166666
0.6982421875
0.6952311197916666
0.7010904947916666
0.6975911458333334
0.6981608072916666
0.6974283854166666
0.6980794270833334
0.69677734375
0.697021484375
0.697265625
0.6949869791666666
0.7015787760416666
0.6957194010416666
0.6932779947916666
0.6914876302083334
0.6995442708333334
0.6937662760416666
0.6981608072916666
0.6975911458333334
0.6937662760416666
0.700439453125
0.6953125
0.6984049479166666
0.6941731770833334
0.6990559895833334
0.70068359375
0.6974283854166666
0.70166015625
0.7042643229166666
0.6958821614583334
0.6949055989583334
0.6975911458333334
0.6971842447916666
0.6996256510416666
0.6951497395833334
0.702392578125
0.7021484375
0.6968587239583334
0.6976725260416666
0.69677734375
0.7006022135416666
0.701416015625
0.6995442708333334
0.701416015625
0.7027180989583334
0.7000325520833334
0.69775390625
0.6908365885416666
0.6995442708333334
0.6949055989583334
0.6908365885416666
0.6993001302083334
0.7022298177083334
0.6962890625
0.6949869791666666
0.7071126302083334
0.7015787760416666
0.702880859375
0.7040201822916666
0.70947265625
0.701171875
0.701171875
0.700927734375
0.6996256510416666
0.7034505208333334
0.7058919270833334
0.697998046875
0.6964518229166666
0.7007649739583334
0.6980794270833334
0.7044270833333334
0.6969401041666666
0.7001139322916666
0.7071126302083334
0.703369140625
0.701416015625
0.7021484375
0.7027180989583334
0.7046712239583334
0.7051595052083334
0.709228515625
0.706298828125
0.7091471354166666
0.6993001302083334
0.69580078125
0.7015787760416666
0.69921875
0.701416015625
0.7039388020833334
0.702392578125
0.7100423177083334
0.7051595052083334
0.6993001302083334
0.702392578125
0.7012532552083334
0.7035319010416666
0.7024739583333334
0.708740234375
0.7081705729166666
0.7027994791666666
0.7021484375
0.7044270833333334
0.7119954427083334
0.70556640625
0.7066243489583334
0.7047526041666666
0.703125
0.703857421875
0.6968587239583334
0.7021484375
0.7023111979166666
0.7027180989583334
0.6997884114583334
0.704833984375
0.705322265625
0.7034505208333334
0.7051595052083334
0.7041829427083334
0.7042643229166666
0.7103678385416666
0.7047526041666666
0.7035319010416666
0.70263671875
0.709228515625
0.7063802083333334
0.7083333333333334
0.7013346354166666
0.6942545572916666
0.69970703125
0.7036946614583334
0.7041829427083334
0.703857421875
0.7083333333333334
0.7078450520833334
0.7052408854166666
0.7052408854166666
0.7034505208333334
0.7017415364583334
0.7079264322916666
0.7060546875
0.7080078125
0.7025553385416666
0.700439453125
0.7089029947916666
0.710205078125
0.7141927083333334
0.70703125
0.7103678385416666
0.7045084635416666
0.70068359375
0.7066243489583334
0.705322265625
0.7110188802083334
0.705322265625
0.7115885416666666
0.70458984375
0.7056477864583334
0.7093098958333334
0.70849609375
0.7085774739583334
0.7064615885416666
0.7071126302083334
0.7030436197916666
0.7014973958333334
0.7124837239583334
0.7097981770833334
0.71337890625
0.7045084635416666
0.7054850260416666
0.7113444010416666
0.7063802083333334
0.70458984375
0.706298828125
0.7083333333333334
0.7120768229166666
0.708740234375
0.707275390625
0.7039388020833334
0.7044270833333334
0.7030436197916666
0.70703125
0.7074381510416666
0.706298828125
0.7109375
0.7080891927083334
0.711181640625
0.714111328125
0.709228515625
0.7097981770833334
0.7036946614583334
0.7073567708333334
0.7089029947916666
0.7111002604166666
0.7089029947916666
0.7081705729166666
0.712158203125
0.7103678385416666
0.7089029947916666
0.7068684895833334
0.7076822916666666
0.7100423177083334
0.7112630208333334
0.710693359375
0.7046712239583334
0.7083333333333334
0.705322265625
0.705810546875
0.7084147135416666
0.7069498697916666
0.7132161458333334
0.712158203125
0.7054036458333334
0.7022298177083334
0.706298828125
0.712646484375
0.7086588541666666
0.710205078125
0.7145182291666666
0.70947265625
0.7054036458333334
0.713623046875
0.7129720052083334
0.71728515625
0.7044270833333334
0.715576171875
0.713134765625
0.7115071614583334
0.7124837239583334
0.7080891927083334
0.7128092447916666
0.7130533854166666
0.7138671875
0.71435546875
0.712890625
0.712646484375
0.7138671875
0.7089029947916666
0.7054850260416666
0.7054850260416666
0.7089029947916666
0.712646484375
0.717529296875
0.7130533854166666
0.7124837239583334
0.718017578125
0.708740234375
0.7156575520833334
0.7120768229166666
0.716796875
0.7141927083333334
0.7113444010416666
0.7161458333333334
0.711669921875
0.7139485677083334
0.712158203125
0.7161458333333334
0.7124837239583334
0.7169596354166666
0.70947265625
0.7179361979166666
0.7157389322916666
0.7130533854166666
0.7191569010416666
0.7132161458333334
0.71533203125
0.71923828125
0.717529296875
0.7099609375
0.7166341145833334
0.7193196614583334
0.7179361979166666
0.7212727864583334
0.71630859375
0.7129720052083334
0.713134765625
0.7128092447916666
0.7093912760416666
0.7139485677083334
0.7151692708333334
0.7171223958333334
0.717529296875
0.7177734375
0.7134602864583334
0.7171223958333334
0.722412109375
0.71630859375
0.7138671875
0.7145182291666666
0.7213541666666666
0.7127278645833334
0.7184244791666666
0.7145182291666666
0.717041015625
0.7139485677083334
0.72021484375
0.7215169270833334
0.7172037760416666
0.7176106770833334
0.7135416666666666
0.7174479166666666
0.7197265625
0.7152506510416666
0.7176106770833334
0.7191569010416666
0.72119140625
0.7172037760416666
0.7159830729166666
0.714599609375
0.7181803385416666
0.71875
0.7186686197916666
0.7202962239583334
0.720947265625
0.7228190104166666
0.7234700520833334
0.7130533854166666
0.713623046875
0.71826171875
0.7151692708333334
0.7166341145833334
0.7137044270833334
0.7178548177083334
0.7158203125
0.7135416666666666
0.715087890625
0.7177734375
0.71826171875
0.716552734375
0.7157389322916666
0.7205403645833334
0.723388671875
0.7230631510416666
0.7190755208333334
0.720947265625
0.7197265625
0.72265625
0.7230631510416666
0.719970703125
0.7194010416666666
0.7185872395833334
0.7178548177083334
0.7264811197916666
0.7147623697916666
0.7211100260416666
0.7156575520833334
0.7198079427083334
0.7215983072916666
0.719970703125
0.7242024739583334
0.7200520833333334
0.712890625
0.7203776041666666
0.7197265625
0.7242024739583334
0.7232259114583334
0.7215983072916666
0.7149251302083334
0.7213541666666666
0.7228190104166666
0.724853515625
0.7189127604166666
0.7268880208333334
0.7233072916666666
0.7205403645833334
0.7197265625
0.718994140625
0.723388671875
0.7185872395833334
0.721435546875
0.7247721354166666
0.7269694010416666
0.729248046875
0.7250162760416666
0.72509765625
0.7236328125
0.7339680989583334
0.7273763020833334
0.7266438802083334
0.7276204427083334
0.7340494791666666
0.7330729166666666
0.7245279947916666
0.7191569010416666
0.7189127604166666
0.7178548177083334
0.724853515625
0.7176106770833334
0.71728515625
0.7176106770833334
0.7206217447916666
0.7224934895833334
0.7263997395833334
0.72119140625
0.72509765625
0.72412109375
0.7224934895833334
0.7230631510416666
0.720947265625
0.7239583333333334
0.72216796875
0.7276204427083334
0.72900390625
0.7190755208333334
0.7239583333333334
0.7217610677083334
0.7205403645833334
0.724365234375
0.7259928385416666
0.72900390625
0.7312825520833334
0.7313639322916666
0.73095703125
0.7264811197916666
0.7305501302083334
0.72314453125
0.7236328125
0.7234700520833334
0.7255859375
0.7206217447916666
0.7273763020833334
0.72900390625
0.7281087239583334
0.728271484375
0.727783203125
0.7313639322916666
0.723876953125
0.7190755208333334
0.7232259114583334
0.7294108072916666
0.7284342447916666
0.725830078125
0.7286783854166666
0.7318522135416666
0.732666015625
0.73291015625
0.72998046875
0.7362467447916666
0.7291666666666666
0.7285970052083334
0.7259928385416666
0.731689453125
0.7261555989583334
0.7298177083333334
0.7313639322916666
0.733154296875
0.73583984375
0.734375
0.7347819010416666
0.737060546875
0.7367350260416666
0.7334798177083334
0.734375
0.7335611979166666
0.7303873697916666
0.73486328125
0.7337239583333334
0.7433268229166666
0.7334798177083334
0.7350260416666666
0.7355143229166666
0.7418619791666666
0.742919921875
0.7427571614583334
0.7362467447916666
0.737548828125
0.7373860677083334
0.7400716145833334
0.73876953125
0.7325846354166666
0.730224609375
0.731689453125
0.732666015625
0.7320963541666666
0.7401529947916666
0.7395833333333334
0.7360026041666666
0.7338053385416666
0.7353515625
0.7371419270833334
0.7438151041666666
0.7364908854166666
0.7374674479166666
0.7362467447916666
0.74072265625
0.7362467447916666
0.737548828125
0.7386881510416666
0.7373046875
0.7325032552083334
0.739501953125
0.7396647135416666
0.7376302083333334
0.7315266927083334
0.7305501302083334
0.7357584635416666
0.7386067708333334
0.73828125
0.73974609375
0.7425130208333334
0.7461751302083334
0.744140625
0.7392578125
0.7400716145833334
0.7364095052083334
0.7367350260416666
0.734130859375
0.7379557291666666
0.7377115885416666
0.7337239583333334
0.734375
0.740234375
0.741943359375
0.7374674479166666
0.7378743489583334
0.7425130208333334
0.742431640625
0.7403971354166666
0.7427571614583334
0.7473958333333334
0.7461751302083334
0.7430826822916666
0.7416178385416666
0.7416178385416666
0.7412109375
0.7373860677083334
0.739990234375
0.7373046875
0.7362467447916666
0.7396647135416666
0.745361328125
0.736083984375
0.7416178385416666
0.7465006510416666
0.7422688802083334
0.74169921875
0.7393391927083334
0.7379557291666666
0.7379557291666666
0.7381998697916666
0.74560546875
0.7447916666666666
0.7476399739583334
0.7425944010416666
0.7411295572916666
0.74072265625
0.7451171875
0.7481282552083334
0.7457682291666666
0.7504069010416666
0.75244140625
