0.75244140625
0.753173828125
0.752197265625
0.7559407552083334
0.7547200520833334
0.75634765625
0.7564290364583334
0.7513834635416666
0.7537434895833334
0.7565104166666666
0.7583821614583334
0.7598470052083334
0.7568359375
0.7569986979166666
0.7596028645833334
0.7548828125
0.7530924479166666
0.75830078125
0.758056640625
0.7603352864583334
0.7645670572916666
0.7639973958333334
0.7591145833333334
0.7582194010416666
0.7566731770833334
0.7576497395833334
0.75830078125
0.7631022135416666
0.7643229166666666
0.7587076822916666
0.7567545572916666
0.7589518229166666
0.7652994791666666
0.7637532552083334
0.7659505208333334
0.7713216145833334
0.7721354166666666
0.7628580729166666
0.7662760416666666
0.7646484375
0.7705078125
0.7679036458333334
0.76708984375
0.76953125
0.76904296875
0.7775065104166666
0.7764485677083334
0.771728515625
0.7740885416666666
0.771240234375
0.7753092447916666
0.7740885416666666
0.7766927083333334
0.7734375
0.77685546875
0.7737630208333334
0.7747395833333334
0.7826334635416666
0.7804361979166666
0.7830403645833334
0.783447265625
0.7783203125
0.7803548177083334
0.7830403645833334
0.78515625
0.7891438802083334
0.7855631510416666
0.7847493489583334
0.7840169270833334
0.79150390625
0.7945149739583334
0.7932942708333334
0.7938639322916666
0.7888997395833334
0.7896321614583334
0.7899576822916666
0.7909342447916666
0.7928059895833334
0.78955078125
0.7900390625
0.7910970052083334
0.7902018229166666
0.7923177083333334
0.788818359375
0.7959798177083334
0.7920735677083334
0.791015625
0.7948404947916666
0.7972005208333334
0.7997233072916666
0.7999674479166666
0.7969563802083334
0.801025390625
0.7970377604166666
0.796875
0.8021647135416666
0.8040364583333334
0.7967936197916666
0.8006998697916666
0.8068033854166666
0.8031412760416666
0.8017578125
0.8008626302083334
0.8046061197916666
0.810546875
0.8046061197916666
0.810791015625
0.8103841145833334
0.8086751302083334
0.81298828125
0.815673828125
0.8138834635416666
0.809814453125
0.81005859375
0.81494140625
0.8142903645833334
0.81298828125
0.8168131510416666
0.8197428385416666
0.8194986979166666
0.8141276041666666
0.817626953125
0.8180338541666666
0.8197428385416666
0.8167317708333334
0.8151041666666666
0.8207194010416666
0.8214518229166666
0.8181966145833334
0.8173828125
0.8177897135416666
0.818115234375
0.815185546875
0.814208984375
0.8173014322916666
0.8186848958333334
0.818603515625
0.8204752604166666
0.822509765625
0.8189290364583334
0.8214518229166666
0.8243815104166666
0.8202311197916666
0.821044921875
0.8199055989583334
0.82080078125
0.8231608072916666
0.8241373697916666
0.8235677083333334
0.8268229166666666
0.820068359375
0.8235677083333334
0.8268229166666666
0.828125
0.8304850260416666
0.8270670572916666
0.8265787760416666
0.829345703125
0.8291015625
0.8341471354166666
0.83837890625
0.8388671875
0.8321126302083334
0.8309733072916666
0.8343912760416666
0.83740234375
0.8378092447916666
0.839111328125
0.8391927083333334
0.839111328125
0.8438313802083334
0.8451334635416666
0.8472493489583334
0.845458984375
0.8460286458333334
0.8444010416666666
0.8474934895833334
0.8474934895833334
0.8505859375
0.852294921875
0.852783203125
0.8582356770833334
0.8551432291666666
0.8561197916666666
0.857177734375
0.8573404947916666
0.8565266927083334
0.8528645833333334
0.8597819010416666
0.8588053385416666
0.860595703125
0.856689453125
0.859619140625
0.8617350260416666
0.863037109375
0.8609212239583334
0.8568522135416666
0.8595377604166666
0.8605143229166666
0.8600260416666666
0.8624674479166666
0.8633626302083334
0.8639322916666666
0.8665364583333334
0.8677571614583334
0.8668619791666666
0.8745930989583334
0.8720703125
0.8740234375
0.8749186197916666
0.8726399739583334
0.872314453125
0.8719075520833334
0.873779296875
0.873779296875
0.8812662760416666
0.879638671875
0.8797200520833334
0.8766276041666666
0.87548828125
0.8789876302083334
0.882568359375
0.8785807291666666
0.878173828125
0.8826497395833334
0.88134765625
0.8880208333333334
0.8887532552083334
0.8861490885416666
0.8850911458333334
0.8837076822916666
0.88623046875
0.8895670572916666
0.8929036458333334
0.8958333333333334
0.892822265625
0.8876953125
0.89013671875
0.8929850260416666
0.8951822916666666
0.8902994791666666
0.8916015625
0.8888346354166666
0.8938802083333334
0.89453125
0.8924153645833334
0.8973795572916666
0.895751953125
0.896484375
0.899658203125
0.895263671875
0.8968098958333334
0.89990234375
0.89892578125
0.8956705729166666
0.8968098958333334
0.9005533854166666
0.8998209635416666
0.9013671875
0.9016927083333334
0.9021809895833334
0.9012858072916666
0.904296875
0.89794921875
0.9013671875
0.9016927083333334
0.90478515625
0.9038899739583334
0.9058430989583334
0.90576171875
0.9063313802083334
0.9083658854166666
0.905517578125
0.90869140625
0.9097493489583334
0.9051106770833334
0.908935546875
0.9105631510416666
0.9077962239583334
0.9088541666666666
0.9109700520833334
0.9138997395833334
0.9134114583333334
0.91455078125
0.9121907552083334
0.914306640625
0.9139811197916666
0.912353515625
0.91259765625
0.9164225260416666
0.918701171875
0.9150390625
0.91943359375
0.9147135416666666
0.9173990885416666
0.9234212239583334
0.9185384114583334
0.9220377604166666
0.923095703125
0.9229329427083334
0.9181315104166666
0.9215494791666666
0.9231770833333334
0.9239908854166666
0.9186197916666666
0.9225260416666666
0.9200846354166666
0.9228515625
0.9203287760416666
0.9215494791666666
0.9226888020833334
0.9195963541666666
0.925537109375
0.923095703125
0.9237467447916666
0.9235026041666666
0.9248046875
0.925537109375
0.9204915364583334
0.9273274739583334
0.9239908854166666
0.926513671875
0.9253743489583334
0.925048828125
0.9232584635416666
0.9244791666666666
0.9213053385416666
0.9230143229166666
0.9231770833333334
0.923095703125
0.923583984375
0.9225260416666666
0.9283854166666666
0.9259440104166666
0.927978515625
0.9237467447916666
0.927978515625
0.9287109375
0.9322102864583334
0.9261881510416666
0.9280598958333334
0.92724609375
0.927001953125
0.92431640625
0.9192708333333334
0.9217122395833334
0.9197591145833334
0.9265950520833334
0.9286295572916666
0.9247233072916666
0.9241536458333334
0.9230143229166666
0.92333984375
0.9212239583333334
0.9197591145833334
0.926513671875
0.9256184895833334
0.923095703125
0.9232584635416666
0.923583984375
0.9214680989583334
0.9234212239583334
0.9264322916666666
0.928466796875
0.9268391927083334
0.9256998697916666
0.9243977864583334
0.9217122395833334
0.9246419270833334
0.9210611979166666
0.9224446614583334
0.9204915364583334
0.9241536458333334
0.9215494791666666
0.9230143229166666
0.9274088541666666
0.9273274739583334
0.9288736979166666
0.9234212239583334
0.9273274739583334
0.9298502604166666
0.9264322916666666
0.9269205729166666
0.9325358072916666
0.92822265625
0.9261881510416666
0.9287923177083334
0.9275716145833334
0.9243977864583334
0.926513671875
0.9243977864583334
0.9259440104166666
0.927978515625
0.9248046875
0.9267578125
0.9266764322916666
0.9266764322916666
0.9231770833333334
0.9258626302083334
0.9243977864583334
0.9217122395833334
0.9220377604166666
0.9246419270833334
0.92333984375
0.9208170572916666
0.9207356770833334
0.9202473958333334
0.9205729166666666
0.9222819010416666
0.919677734375
0.9236653645833334
0.9213053385416666
0.924560546875
0.9241536458333334
0.9228515625
0.921142578125
0.91796875
0.9192708333333334
0.9207356770833334
0.920654296875
0.9270833333333334
0.92724609375
0.9200032552083334
0.9248860677083334
0.9261881510416666
0.9237467447916666
0.922607421875
0.9266764322916666
0.9264322916666666
0.927490234375
0.9290364583333334
0.9232584635416666
0.9202473958333334
0.9269205729166666
0.9235026041666666
0.9178059895833334
0.9217122395833334
0.9230143229166666
0.9232584635416666
0.9251302083333334
0.9220377604166666
0.9183756510416666
0.92333984375
0.922607421875
0.921630859375
0.9209798177083334
0.9150390625
0.9171549479166666
0.9234212239583334
0.9200032552083334
0.9280598958333334
0.9185384114583334
0.921875
0.9190266927083334
0.9242350260416666
0.9248046875
0.9248046875
0.920654296875
0.9231770833333334
0.9181315104166666
0.9181315104166666
0.9183756510416666
0.921142578125
0.917724609375
0.9150390625
0.9200846354166666
0.915283203125
0.9166666666666666
0.921142578125
0.9173177083333334
0.919189453125
0.9178873697916666
0.9142252604166666
0.9227701822916666
0.9219563802083334
0.9204915364583334
0.91943359375
0.9208170572916666
0.9219563802083334
0.9222819010416666
0.9204915364583334
0.9219563802083334
0.9173990885416666
0.9192708333333334
0.9171549479166666
0.91650390625
0.9190266927083334
0.9231770833333334
0.9181315104166666
0.9188639322916666
0.9195963541666666
0.9193522135416666
0.9205729166666666
0.9182942708333334
0.9207356770833334
0.9146321614583334
0.9129231770833334
0.9170735677083334
0.9169921875
0.914794921875
0.9156901041666666
0.9147135416666666
0.9140625
0.9164225260416666
0.9144694010416666
0.9178873697916666
0.91650390625
0.9151204427083334
0.918212890625
0.9156901041666666
0.9178873697916666
0.9151204427083334
0.91455078125
0.9088541666666666
0.9197591145833334
0.9139811197916666
0.9115397135416666
0.91064453125
0.912841796875
0.9142252604166666
0.9131673177083334
0.9114583333333334
0.90771484375
0.908935546875
0.9012858072916666
0.9087727864583334
0.9120279947916666
0.913818359375
0.90869140625
0.9087727864583334
0.90771484375
0.905517578125
0.9069010416666666
0.908203125
0.906494140625
0.9072265625
0.9075520833333334
0.9021809895833334
0.8998209635416666
0.9036458333333334
0.90478515625
0.9102376302083334
0.90576171875
0.9097493489583334
0.9059244791666666
0.9052734375
0.9076334635416666
0.9130045572916666
0.906005859375
0.9044596354166666
0.9060872395833334
0.9054361979166666
0.9097493489583334
0.9012044270833334
0.9047037760416666
0.91064453125
0.91162109375
0.9072265625
0.9080403645833334
0.9097493489583334
0.9060872395833334
0.9069010416666666
0.9088541666666666
0.90673828125
0.9015299479166666
0.9027506510416666
0.9041341145833334
0.8965657552083334
0.8994954427083334
0.8975423177083334
0.8973795572916666
0.9046223958333334
0.8990071614583334
0.899658203125
0.9014485677083334
0.9012858072916666
0.902587890625
0.8980305989583334
0.9053548177083334
0.9034830729166666
0.9000651041666666
0.900634765625
0.8973795572916666
0.8946940104166666
0.8981119791666666
0.90283203125
0.903076171875
0.9033203125
0.902099609375
0.8990071614583334
0.9029947916666666
0.9038899739583334
0.90234375
0.8953450520833334
0.8966471354166666
0.8985188802083334
0.8980305989583334
0.8944498697916666
0.901611328125
0.8973795572916666
0.8955891927083334
0.8975423177083334
0.90283203125
0.8977864583333334
0.894287109375
0.89599609375
0.9004720052083334
0.8995768229166666
0.8942057291666666
0.8960774739583334
0.8968098958333334
0.889892578125
0.8955078125
0.8960774739583334
0.8963216145833334
0.8955078125
0.8933919270833334
0.8941243489583334
0.8985188802083334
0.898193359375
0.900146484375
0.905029296875
0.9029947916666666
0.8985188802083334
0.9019368489583334
0.9041341145833334
0.906982421875
0.908203125
0.9037272135416666
0.91162109375
0.9019368489583334
0.90283203125
0.9012858072916666
0.9121907552083334
0.9021809895833334
0.9020182291666666
0.902099609375
0.9032389322916666
0.8972981770833334
0.8994954427083334
0.89697265625
0.8981119791666666
0.90234375
0.9016927083333334
0.9043782552083334
0.9017740885416666
0.894775390625
0.8916829427083334
0.8982747395833334
0.9015299479166666
0.903076171875
0.9034830729166666
0.9014485677083334
0.8924153645833334
0.8986002604166666
0.8966471354166666
0.898681640625
0.893798828125
0.8868815104166666
0.8934733072916666
0.8978678385416666
0.9010416666666666
0.8994140625
0.89697265625
0.902099609375
0.9010416666666666
0.8921712239583334
0.896240234375
0.8964029947916666
0.8982747395833334
0.8955078125
0.9020182291666666
0.90234375
0.8982747395833334
0.90185546875
0.899658203125
0.8971354166666666
0.896484375
0.9027506510416666
0.8987630208333334
0.895263671875
0.90185546875
0.89453125
0.8954264322916666
0.8994140625
0.8937174479166666
0.8977864583333334
0.8958333333333334
0.8941243489583334
0.8887532552083334
0.8976236979166666
0.895751953125
0.8899739583333334
0.8961588541666666
0.885498046875
0.8851725260416666
0.890625
0.8912760416666666
0.8919270833333334
0.8912760416666666
0.88671875
0.8871256510416666
0.8902994791666666
0.879638671875
0.882080078125
0.8849283854166666
0.8793131510416666
0.8853352864583334
0.875244140625
0.8780924479166666
0.885986328125
0.8832194010416666
0.8809407552083334
0.8850911458333334
0.88427734375
0.8837076822916666
0.8875325520833334
0.8833821614583334
0.880859375
0.8798828125
0.8798014322916666
0.8846028645833334
0.891357421875
0.8900553385416666
0.885498046875
0.8834635416666666
0.89208984375
0.8851725260416666
0.8841145833333334
0.8881022135416666
0.8857421875
0.885009765625
0.8817545572916666
0.8780924479166666
0.8760579427083334
0.8790690104166666
0.8849283854166666
0.8887532552083334
0.8807779947916666
0.87646484375
0.87548828125
0.8743489583333334
0.88232421875
0.88037109375
0.8733723958333334
0.8761393229166666
0.8800455729166666
0.8755696614583334
0.8787434895833334
0.8750813802083334
0.8788248697916666
0.872802734375
0.869384765625
0.8695475260416666
0.8789876302083334
0.870849609375
0.8790690104166666
0.8792317708333334
0.87646484375
0.86962890625
0.8724772135416666
0.8723958333333334
0.87548828125
0.86962890625
0.8694661458333334
0.8729654947916666
0.8761393229166666
0.87451171875
0.8739420572916666
0.86669921875
0.86474609375
0.874755859375
0.8658040364583334
0.8666178385416666
0.8748372395833334
0.873046875
0.873046875
0.875244140625
0.867431640625
0.875244140625
0.8714192708333334
0.877197265625
0.869140625
0.8636067708333334
0.866455078125
0.8634440104166666
0.8709309895833334
0.8758138020833334
0.87060546875
0.867919921875
0.8671061197916666
0.8731282552083334
0.8787434895833334
0.8732096354166666
0.8779296875
0.8775227864583334
0.8685709635416666
0.8705240885416666
0.86083984375
0.8734537760416666
0.8720703125
0.8672688802083334
0.8681640625
0.865478515625
0.8655598958333334
0.8636067708333334
0.8683268229166666
0.8631998697916666
0.87109375
0.8638509114583334
0.8604329427083334
0.868408203125
0.8634440104166666
0.8514811197916666
0.84521484375
0.852783203125
0.8535970052083334
0.8641764322916666
0.8601888020833334
0.8599446614583334
0.8539225260416666
0.8575846354166666
0.862060546875
0.852783203125
0.857177734375
0.8519694010416666
0.8490397135416666
0.8502604166666666
0.849853515625
0.8545735677083334
0.849609375
0.849609375
0.8539225260416666
0.8543294270833334
0.85986328125
0.86083984375
0.8564453125
0.8567708333333334
0.8606770833333334
0.8653157552083334
0.8614908854166666
0.8516438802083334
0.8543294270833334
0.8479817708333334
0.855712890625
0.8582356770833334
0.8653157552083334
0.8548177083333334
0.859619140625
0.8610026041666666
0.8551432291666666
0.8512369791666666
0.8631184895833334
0.8588053385416666
0.853759765625
0.8504231770833334
0.8486328125
0.8531901041666666
0.8499348958333334
0.847900390625
0.8431803385416666
0.84716796875
0.8404134114583334
0.84326171875
0.8531087239583334
0.8472493489583334
0.8490397135416666
0.8539225260416666
0.850341796875
0.8422037760416666
0.8496907552083334
0.8453776041666666
0.8428548177083334
0.8513997395833334
0.8453776041666666
0.8489583333333334
0.8447265625
0.850830078125
0.8494466145833334
0.8499348958333334
0.853515625
0.847412109375
0.852294921875
0.842041015625
0.8391927083333334
0.8382975260416666
0.8439127604166666
0.8416341145833334
0.8487141927083334
0.8541666666666666
0.843505859375
0.841064453125
0.8419596354166666
0.841064453125
0.8350423177083334
0.8373209635416666
0.8419596354166666
0.8404947916666666
0.832763671875
0.8458658854166666
0.8375651041666666
0.8438313802083334
0.8339029947916666
0.8330891927083334
0.830810546875
0.83203125
0.8273111979166666
0.83447265625
0.8400065104166666
0.8361002604166666
0.846435546875
0.853271484375
0.8440755208333334
0.8458658854166666
0.833251953125
0.8441569010416666
0.8326822916666666
0.834716796875
0.8277994791666666
0.82958984375
0.8340657552083334
0.834228515625
0.83203125
0.8260904947916666
0.8238118489583334
0.8328450520833334
0.8291015625
0.8351236979166666
0.8330891927083334
0.8202311197916666
0.8359375
0.8218587239583334
0.8204752604166666
0.8199869791666666
0.8150227864583334
0.8177897135416666
0.8140462239583334
0.8106282552083334
0.8120930989583334
0.803466796875
0.8020833333333334
0.7991536458333334
0.7941080729166666
0.7882486979166666
0.7867024739583334
0.7842610677083334
0.7826334635416666
0.7802734375
0.77734375
0.7693684895833334
0.7726236979166666
0.7731119791666666
0.7666015625
0.7681477864583334
0.7648111979166666
0.7705891927083334
0.7679850260416666
0.7625325520833334
0.7635904947916666
0.7714029947916666
0.7720540364583334
0.7753092447916666
0.7640787760416666
0.765869140625
0.766845703125
0.76171875
0.758056640625
0.7540690104166666
0.747314453125
0.74169921875
0.739501953125
0.7332356770833334
0.7215169270833334
0.7014973958333334
0.697265625
0.6993815104166666
0.6797688802083334
0.6785481770833334
0.68310546875
0.6791178385416666
0.68212890625
0.6731770833333334
0.6744791666666666
0.674072265625
0.6730143229166666
0.6768391927083334
0.6798502604166666
0.6754557291666666
0.67919921875
0.677001953125
0.6748046875
0.6785481770833334
0.6761881510416666
0.6778971354166666
0.677001953125
0.6748046875
0.6709798177083334
0.6703287760416666
0.6729329427083334
0.6734212239583334
0.67041015625
